4.00000001e-15	6.302945748716805e-26	4.351707029680875e-12
4.73000011e-15	6.302945614818121e-25	4.385181901361303e-12
4.7599999e-15	6.302945614818122e-24	4.407498337424682e-12
4.91000012e-15	6.302945960723054e-23	4.546975920553448e-12
6.99000006e-15	7.551104552555234e-22	6.471769917429146e-12
9.89999996e-15	8.736777248382057e-21	9.149743617496096e-12
2.71999999e-14	1.0609016168266013e-19	2.5161794911850037e-11
1.27e-13	3.632001829948672e-18	1.1827716915866996e-10
6.93000019e-13	1.185672907833073e-16	6.415978632001786e-10
6.29500011e-12	6.08078550546753e-15	5.824592948002679e-9
1.58099991e-11	3.1003124302611025e-14	1.4628431042178087e-8
3.97200016e-11	1.517072015175184e-13	3.6749608457933496e-8
9.97599989e-11	7.182883240348137e-13	9.22785101539835e-8
2.50600013e-10	3.286319950903816e-12	2.318678910957376e-7
6.29399977e-10	1.4465520754295918e-11	5.824592479357286e-7
1.581e-9	6.08770373800491e-11	1.4628431488507032e-6
3.97200006e-9	2.44063831733988e-10	3.6755189243472444e-6
4.99999997e-9	3.281968243695604e-10	4.626757397902255e-6
9.97599958e-9	8.955255713010489e-10	9.233429602767239e-6
1.98999999e-8	2.3919883842892214e-9	0.000018422227181432718
3.97199997e-8	6.278062742691364e-9	0.00003676076869002455
7.9240003e-8	1.6250836532024102e-8	0.00007336532325373801
1.58099994e-7	4.16625735326936e-8	0.00014639588819459942
1.98999999e-7	5.453023833965633e-8	0.00018433386074536936
3.15499989e-7	1.0165922706985048e-7	0.00029217806962731534
4.99999999e-7	1.8903147176969427e-7	0.00046312206427136807
6.29400006e-7	2.5767685114929705e-7	0.0005830171702744923
7.92399987e-7	3.1427137022985945e-7	0.0007342111002008481
9.97599955e-7	4.2810757754965417e-7	0.000924458816112475
1.58099999e-6	7.937960432939077e-7	0.0014650748047310871
2.5060001e-6	1.4703190805623745e-6	0.002323142055344789
3.97199983e-6	2.7221601762999334e-6	0.003682771814327159
4.99999987e-6	3.533363099754519e-6	0.0046373577214907395
6.29399983e-6	4.806516235215354e-6	0.005835750937290783
7.92399987e-6	6.540169783530463e-6	0.007353269471100201
9.976e-6	8.892769939745593e-6	0.00925574675295693
0.00001256	0.000012094398348582906	0.011660343673287213
0.0000158099992	0.000015620397121178308	0.014678642936844455
0.0000199000006	0.00002124302644498996	0.018483597411292123
0.0000250600006	0.000028880830841330063	0.02327605434054899
0.0000315500001	0.00003712564126311091	0.02931265286766347
0.0000397199983	0.00005047980272260657	0.03691698437848694
0.0000499999987	0.0000686465036822138	0.046485161459495654
0.000062940002	0.00009329613847355502	0.058524884735550106
0.0000792400024	0.00012686900357063158	0.07375585817897791
0.00009976	0.00016207320464182103	0.09283642021870118
0.000110499997	0.00018047310421780854	0.10287881834411962
0.000125599996	0.00020531130997545192	0.1169381856728409
0.000158099996	0.0002791452756081232	0.14728854831510826
0.000199000002	0.0003629546942646731	0.18550547199285877
0.0002	0.0003650583071244091	0.1864427078218159
0.0012000000000000001	0.0013466049411602658	1.1275971610957916
0.0022	0.002455108305668602	2.0687210373335083
0.0032	0.003812223176184099	3.010410550403603
0.0042	0.00538453801925565	3.9525640867652974
0.0052	0.007134838681918645	4.895111985067526
0.0062	0.009044443181747304	5.8380104901013175
0.0072	0.011099364315429313	6.781227311407052
0.0082	0.013288901261313737	7.724737450537292
0.009200000000000002	0.015604610713678623	8.668520813741077
0.0102	0.018035279302837055	9.612558595061211
0.0112	0.020516908192837045	10.55673095796038
0.0122	0.023108907415898116	11.501125028597265
0.013200000000000002	0.0258070356470041	12.445731666489806
0.0142	0.0286077259184794	13.39054279701463
0.0152	0.03150766236267624	14.335551233293922
0.0162	0.034502973700581155	15.280750518028212
0.0172	0.037590554201544946	16.22613475275161
0.0182	0.040768264514379586	17.171698544505553
0.0192	0.04403425215180436	18.117436975956295
0.0202	0.0473868884109179	19.063345545943008
0.0212	0.0508247239769227	20.009420118695207
0.022199999999999998	0.05434650667166044	20.95565688050938
0.0232	0.05795108685335501	21.902052305095403
0.0242	0.06163739777894004	22.84860312080802
0.0252	0.06540450516201358	23.795306282440873
0.0262	0.06925135054623244	24.74215894956383
0.0272	0.0731766837354617	25.689158458387002
0.0282	0.07717977555029364	26.63630229499245
0.0292	0.08126005819631045	27.5835880979457
0.030199999999999998	0.08541691209605742	28.531013648197334
0.0312	0.08964969624882291	29.478576853218996
0.0322	0.09395794967974942	30.426275734095313
0.0332	0.09834125609085274	31.374108420549355
0.0342	0.10279918423683475	32.322073142479454
0.0352	0.1073313692220921	33.27016822072244
0.0362	0.11193759685613858	34.21839206116031
0.0372	0.11661756258857642	35.16674315187631
0.0382	0.1213710466970323	36.1152200540717
0.0392	0.12619797078858783	37.063821398525825
0.0402	0.13109816175133923	38.01254588390988
0.0412	0.13607148724628282	38.961392269349055
0.0422	0.14111795185177078	39.910359370991245
0.0432	0.14623750564323512	40.859446061221604
0.044199999999999996	0.1514301651348159	41.80865126348379
0.0452	0.15669605950498627	42.75797395030557
0.0462	0.16203521501870757	43.70741314255888
0.0472	0.1674477757685716	44.65696790407428
0.0482	0.1729340055129143	45.606637341393416
0.0492	0.178493906679252	46.556420603644014
0.0502	0.1841278668446437	47.50631687456068
0.0512	0.18983602367050614	48.45632537814952
0.0522	0.19561871423140004	49.406445371412474
0.0532	0.20147640145262324	50.35667614626682
0.0542	0.20740930475880925	51.30701702998146
0.0552	0.21341798004968773	52.25746737867445
0.0562	0.21950292378018973	53.2080265818887
0.0572	0.22566509643989247	54.15869405966818
0.0582	0.23190349233835011	55.109469269257495
0.0592	0.23821807386271412	56.0603516692518
0.0602	0.2446109550252527	57.011340735765444
0.0612	0.2510830907552754	57.9624359975036
0.0622	0.257634830173458	58.9136370141853
0.0632	0.26426460718795236	59.864943365408486
0.06420000000000001	0.27097309671841363	60.81635461926292
0.06520000000000001	0.27776467847714	61.76787036749445
0.06620000000000001	0.2846348602648364	62.71949028207967
0.06720000000000001	0.2915875485033082	63.671213976618084
0.06820000000000001	0.2986229442022533	64.62304113450568
0.06920000000000001	0.30574113596987584	65.57497145139433
0.07020000000000001	0.312942855323899	66.52700463294407
0.07120000000000001	0.32022690161836126	67.47914040378913
0.07220000000000001	0.3276005072584252	68.43137847909277
0.0732	0.3350636446124548	69.38371868213038
0.0742	0.34260177963641736	70.33616084155356
0.0752	0.35023656587655183	71.28870459324143
0.0762	0.35796820119335576	72.24134987145547
0.0772	0.3657933409157459	73.19409661489587
0.0782	0.3737500302985048	74.14694472054364
0.0792	0.3811821698061013	75.09989456908258
0.08020000000000001	0.3854327499581995	76.05293835655894
0.08120000000000001	0.3896380498438369	77.00603516173851
0.08220000000000001	0.39640548410055254	77.95918369808227
0.08320000000000001	0.40554613346392393	78.91241449631276
0.08420000000000001	0.414824196804244	79.86575515749027
0.08520000000000001	0.4242408364528911	80.81920600881344
0.08620000000000001	0.43379733581861696	81.77276738343971
0.08720000000000001	0.44349505497218505	82.72643962168561
0.0882	0.45333549346769864	83.68022307165272
0.0892	0.46331963372463525	84.63411809056504
0.0902	0.47344859822222196	85.58812503864982
0.0912	0.48372391038656404	86.54224428058222
0.0922	0.49414709888485936	87.49647618974302
0.0932	0.5047194092251529	88.45082114800078
0.0942	0.515442107316782	89.40527954239319
0.0952	0.5263165215179889	90.35985176517889
0.09620000000000001	0.5373439778738877	91.3145382143259
0.09720000000000001	0.5484416118559563	92.26933929332712
0.09820000000000001	0.5593183215866611	93.22425455187322
0.09920000000000001	0.5702062615046525	94.17928057387631
0.10020000000000001	0.5814162647694836	95.13441635091634
0.10120000000000001	0.5931844046002932	96.08966399694961
0.10220000000000001	0.6053897991499972	97.0450279229397
0.10320000000000001	0.617768754336973	98.00051127467069
0.10420000000000001	0.6303226345157087	98.95611457670074
0.1052	0.6430527928942773	99.91183835661369
0.1062	0.6559605717908729	100.86768314482673
0.1072	0.6690473025908588	101.82364947440779
0.1082	0.6823122864082177	102.77973788089942
0.1092	0.6957475513543399	103.73594888362308
0.1102	0.7093494791493293	104.6922829193284
0.11120000000000001	0.7231188552871175	105.64874038393077
0.11220000000000001	0.7370564515807458	106.60532167328871
0.11320000000000001	0.7511630262270756	107.56202718308354
0.11420000000000001	0.7654393238730159	108.51885730870376
0.11520000000000001	0.7798860756831695	109.47581244513404
0.11620000000000001	0.794503999408745	110.4328929868488
0.11720000000000001	0.8092937994576931	111.39009932770982
0.11820000000000001	0.8242561669659038	112.34743186086816
0.11920000000000001	0.8393917798694239	113.30489097866986
0.1202	0.8547013029775463	114.26247707256547
0.1212	0.8701853880467222	115.22019053302321
0.1222	0.8858446738552683	116.17803174944557
0.1232	0.9016797862786557	117.1360011100892
0.1242	0.9176913383654822	118.09409900198821
0.1252	0.9338799304140605	119.05232581088032
0.1262	0.950246150049205	120.0106819211361
0.1272	0.9667905722997655	120.96916771569104
0.1282	0.9835137596763809	121.92778357598041
0.1292	1.000416262249557	122.88652988187667
0.1302	1.0174986177281031	123.84540701162949
0.1312	1.0347613515377285	124.80441534180818
0.1322	1.0522049837378806	125.7635552472465
0.1332	1.0698300561760563	126.72282710104115
0.1342	1.0876370947321152	127.68223127475444
0.13520000000000001	1.1056265018007128	128.64176813833132
0.13620000000000002	1.1237987139780847	129.60143805922007
0.13720000000000002	1.1421541921257479	130.5612414026785
0.13820000000000002	1.1606933777717887	131.521178531999
0.13920000000000002	1.1794167008218555	132.48124980841152
0.14020000000000002	1.1983245796392419	133.44145559104433
0.14120000000000002	1.2174174211249564	134.4017962368867
0.14220000000000002	1.236695620797708	135.3622721007531
0.14320000000000002	1.2561595628737718	136.32288353524922
0.14420000000000002	1.2758096203467286	137.2836308907391
0.1452	1.2956461550671243	138.24451451531402
0.1462	1.3156695178219795	139.2055347547629
0.1472	1.3358800484141264	140.16669195254354
0.1482	1.3562780757413815	141.12798644975572
0.1492	1.3768639178755737	142.08941858511525
0.1502	1.3976378821413713	143.05098869492943
0.1512	1.4186002651949108	144.01269711307359
0.1522	1.4397513531022346	144.9745441709687
0.1532	1.4610914214175263	145.93653019756022
0.1542	1.4826207352611407	146.898655519298
0.1552	1.5043395493973621	147.8609204601171
0.1562	1.5262481083119988	148.82332534141966
0.1572	1.548346646289737	149.78587048205785
0.1582	1.5706353874912153	150.74855619831757
0.1592	1.5931145460299494	151.71138280390306
0.1602	1.615784326732562	152.6743506099226
0.1612	1.6388457298848051	153.637459924879
0.1622	1.6630047026181338	154.60071229419592
0.1632	1.6878716456738727	155.5641136057038
0.1642	1.7134468677175878	156.52766728485938
0.1652	1.7397306838401456	157.49137671727541
0.16620000000000001	1.7667234154625662	158.45524524948326
0.16720000000000002	1.7944253902431095	159.4192761896763
0.16820000000000002	1.8228369419865502	160.38347280843533
0.16920000000000002	1.851958410555556	161.34783833943578
0.17020000000000002	1.8817901417841254	162.31237598013803
0.17120000000000002	1.9123324873930114	163.2770888924607
0.17220000000000002	1.943585804907091	164.24198020343812
0.17320000000000002	1.975550457574601	165.20705300586138
0.17420000000000002	2.0082268142882187	166.172310358905
0.17520000000000002	2.0416152495078994	167.1377552887379
0.1762	2.0757161431854554	168.10339078912045
0.1772	2.1105298806908084	169.0692198219876
0.1782	2.146056852739867	170.03524531801807
0.1792	2.1822974553239955	171.00147017719064
0.1802	2.2192520896410333	171.96789726932764
0.1812	2.2569211620277994	172.9345294346257
0.1822	2.2953050838940707	173.90136948417475
0.1832	2.3344042716579807	174.8684202004652
0.1842	2.3742191466827878	175.83568433788344
0.1852	2.414750135215012	176.80316462319652
0.1862	2.455997668323857	177.77086375602588
0.1872	2.497962181841937	178.7387844093107
0.1882	2.540644116307217	179.7069292297609
0.1892	2.584043916906189	180.67530083830025
0.1902	2.628162033418208	181.64390183049974
0.1912	2.672998920160992	182.6127347770019
0.1922	2.718555035937231	183.5818022239353
0.1932	2.764830843982287	184.5511066933208
0.1942	2.811826811912973	185.52065068346883
0.1952	2.859543411677339	186.490436669368
0.1962	2.907981119505499	187.460467103066
0.19720000000000001	2.957140415861429	188.43074441404215
0.19820000000000002	3.0070217853957177	189.401271009572
0.19920000000000002	3.057625716899275	190.37204927508486
0.20020000000000002	3.1089527032579336	191.34308157451332
0.20120000000000002	3.1610032414079607	192.31437025063602
0.20220000000000002	3.2137778322924246	193.28591762541313
0.20320000000000002	3.2672769808184197	194.25772600031505
0.20420000000000002	3.3215011958151193	195.22979765664445
0.20520000000000002	3.376450989992632	196.2021348558518
0.20620000000000002	3.432126879901656	197.17473983984445
0.20720000000000002	3.488529385893893	198.14761483128964
0.20820000000000002	3.5456590320832264	199.1207620339114
0.2092	3.6035163463076305	200.09418363278166
0.2102	3.662101860091796	201.06788179460546
0.2112	3.721416108610451	202.04185866800054
0.2122	3.781459630652386	203.01611638377182
0.2132	3.842232968585124	203.99065705517992
0.2142	3.9037366683202657	204.96548277820511
0.2152	3.9659712792794557	205.9405956318057
0.2162	4.028937354360991	206.91599767817178
0.2172	4.092635449907026	207.89169096297385
0.2182	4.15706612567138	208.86767751560697
0.2192	4.222229944787931	209.8439593494301
0.2202	4.288127473739566	210.8205384620009
0.2212	4.35475928232772	211.79741683530656
0.2222	4.4221259436424205	212.77459643598957
0.2232	4.490228034032895	213.7520792155699
0.2242	4.559066133078686	214.7298671106628
0.2252	4.6286408235612955	215.70796204319285
0.2262	4.698952691436294	216.68636592060355
0.2272	4.770002325805957	217.66508063606364
0.22820000000000001	4.841790318892351	218.64410806866937
0.22920000000000001	4.914317266010911	219.62345008364323
0.23020000000000002	4.987583765544453	220.603108532529
0.23120000000000002	5.06159041891765	221.58308525338327
0.23220000000000002	5.136337830571946	222.5633820709637
0.23320000000000002	5.211826607940899	223.5440007969139
0.23420000000000002	5.288057361425935	224.52494322994477
0.23520000000000002	5.36503070437253	225.50621115601297
0.23620000000000002	5.442747253046787	226.48780634849612
0.23720000000000002	5.521207626612404	227.46973056836492
0.23820000000000002	5.6004124471080425	228.45198556435227
0.23920000000000002	5.680362339425066	229.43457307311948
0.2402	5.761057931285643	230.41749481941955
0.2412	5.842499853221235	231.40075251625777
0.2422	5.924688738551422	232.38434786504948
0.2432	6.007625223363088	233.36828255577504
0.2442	6.091309946489943	234.3525582671324
0.2452	6.175743549492384	235.33717666668682
0.2462	6.260926676637688	236.3221394110183
0.2472	6.346859974880526	237.3074481458665
0.2482	6.433544093843783	238.29310450627287
0.2492	6.520979685799704	239.27911011672106
0.2502	6.609167405651344	240.2654665912745
0.2512	6.698107910914294	241.25217553371186
0.2522	6.787801861698723	242.2392385376602
0.2532	6.878249920691706	243.22665718672624
0.2542	6.969452753139818	244.21443305462503
0.2552	7.0614110268320065	245.20256770530688
0.2562	7.154125412082753	246.19106269308205
0.2572	7.24759658171549	247.17991956274363
0.2582	7.341825211046256	248.1691398496881
0.2592	7.436811977867649	249.1587250800343
0.2602	7.532557562432995	250.1486767707403
0.2612	7.62906264744078	251.1389964297186
0.2622	7.726327918019325	252.12968555594918
0.2632	7.82435406171169	253.1207456395912
0.2642	7.923141768460807	254.1121781620925
0.2652	8.02269173059486	255.10398459629775
0.2662	8.123004642812875	256.09616640655474
0.2672	8.22408120217052	257.0887250488189
0.2682	8.325922108066178	258.0816619707567
0.2692	8.428528062227121	259.0749786118467
0.2702	8.531899768696029	260.0686764034796
0.2712	8.6360379338176	261.0627567690568
0.2722	8.74094326622544	262.057221124087
0.2732	8.846616476829087	263.05207087628156
0.2742	8.95305827880129	264.04730742564885
0.2752	9.06026938756542	265.0429321645863
0.2762	9.16825052078313	266.038946477972
0.2772	9.277002398342143	267.035351743254
0.2782	9.386525742344254	268.0321493305392
0.2792	9.496821277093494	269.02934060268007
0.2802	9.607889729084485	270.0269269153609
0.2812	9.719731826990964	271.02490961718206
0.2822	9.83234830165443	272.02329004974337
0.2832	9.945739886073047	273.02206954772635
0.2842	10.05990731539063	274.02124943897496
0.2852	10.174851326885818	275.0208310445754
0.2862	10.290572659961438	276.0208156789348
0.2872	10.407072056133932	277.0212046498583
0.2882	10.524350259023077	278.02199925862584
0.28919999999999996	10.642408014341694	279.02320080006695
0.29019999999999996	10.761246069885662	280.02481056263525
0.29119999999999996	10.880865175523935	281.0268298284813
0.29219999999999996	11.001266083188803	282.0292598735248
0.29319999999999996	11.122449546866246	283.03210196752536
0.29419999999999996	11.244416322586451	284.0353573741531
0.29519999999999996	11.367167168414413	285.039027351057
0.29619999999999996	11.490702844440758	286.0431131499335
0.29719999999999996	11.615024112772593	287.04761601659334
0.29819999999999997	11.740131737524594	288.052537191028
0.29919999999999997	11.866026484810117	289.05787790747485
0.30019999999999997	11.992709122732489	290.06363939448124
0.30119999999999997	12.120180421376439	291.06982287496857
0.30219999999999997	12.248441152799616	292.07642956629445
0.30319999999999997	12.377492091024223	293.08346068031466
0.30419999999999997	12.507334012028782	294.09091742344395
0.30519999999999997	12.637967693740038	295.09880099671636
0.30619999999999997	12.769393916024915	296.10711259584417
0.3072	12.901613460682654	297.1158534112766
0.3082	13.034627111437013	298.1250246282575
0.3092	13.168435653928576	299.1346274268821
0.3102	13.3030398757072	300.1446629821533
0.3112	13.438440566224555	301.15513246403714
0.3122	13.574638516826736	302.1660370375172
0.3132	13.711634520747028	303.17737786264877
0.3142	13.84942937309874	304.1891560946122
0.3152	13.988023870868115	305.201372883765
0.3162	14.127418812907417	306.21402937569405
0.3172	14.267614999928014	307.2271267112667
0.3182	14.408613234493615	308.2406660266811
0.3192	14.55041432101363	309.2546484535163
0.3202	14.693019065736507	310.2690751187813
0.3212	14.836428276743286	311.2839471449635
0.3222	14.98064276394117	312.29926565007696
0.3232	15.125663339057194	313.31503174770927
0.3242	15.271490815631996	314.33124654706864
0.3252	15.418126009013674	315.34791115303
0.3262	15.565569736351678	316.3650266661802
0.3272	15.713822816590861	317.3825941828634
0.3282	15.862886070465564	318.4006147952252
0.3292	16.01276032049378	319.4190895912565
0.3302	16.1634463909714	320.4380196548368
0.3312	16.314945107966565	321.4574060657769
0.3322	16.46725729931406	322.4772498998613
0.3332	16.6203837946098	323.4975522288896
0.3342	16.77432542520538	324.51831412071783
0.3352	16.9290830242027	325.53953663929906
0.3362	17.08465742644871	326.5612208447236
0.3372	17.2410494685301	327.58336779325856
0.3382	17.39825998876824	328.60597853738716
0.3392	17.55628982721401	329.6290541258473
0.3402	17.71513982564282	330.6525956036697
0.3412	17.874810827549688	331.67660401221605
0.3422	18.035303678144295	332.7010803892159
0.3432	18.19661922434619	333.7260257688037
0.3442	18.358758314780054	334.75144118155515
0.3452	18.52172179977097	335.77732765452316
0.3462	18.685510531339844	336.80368621127354
0.3472	18.85012536319878	337.8305178719199
0.3482	19.01556715074663	338.85782365315845
0.3492	19.181836751064512	339.88560456830237
0.3502	19.348935022911437	340.9138616273156
0.3512	19.516862826719976	341.94259583684624
0.35219999999999996	19.685621024591985	342.9718082002597
0.35319999999999996	19.85521048029444	344.0014997176718
0.35419999999999996	20.0256320592552	345.03167138598025
0.35519999999999996	20.196886628558975	346.06232419889733
0.35619999999999996	20.36897505694323	347.0934591469811
0.35719999999999996	20.541898214794248	348.1250772176668
0.35819999999999996	20.715656974143123	349.1571793952974
0.35919999999999996	20.89025220866194	350.1897666611546
0.36019999999999996	21.065684793659916	351.2228399934883
0.36119999999999997	21.24195560607958	352.256400367547
0.36219999999999997	21.41906552449312	353.2904487556069
0.36319999999999997	21.59701542909862	354.3249861270011
0.36419999999999997	21.77580620171647	355.3600134481485
0.36519999999999997	21.95543872578579	356.39553168258203
0.36619999999999997	22.135913886360864	357.43154179097706
0.36719999999999997	22.317232570107667	358.4680447311789
0.36819999999999997	22.49939566530043	359.5050414582307
0.3692	22.682404061818236	360.5425329244004
0.3702	22.866258651141635	361.5805200792075
0.3712	23.05096032634942	362.61900386944995
0.3722	23.236509982115297	363.6579852392304
0.3732	23.422908514704687	364.69746512998205
0.3742	23.61015682197157	365.7374444804945
0.3752	23.798255803355307	366.77792422693904
0.3762	23.987206359877625	367.8189053028941
0.3772	24.177009394139503	368.8603886393699
0.3782	24.367665810318204	369.902375164833
0.3792	24.55917651416428	370.9448658052309
0.3802	24.751542412998692	371.987861484016
0.3812	24.94476441570988	373.0313631221693
0.3822	25.138843432750914	374.07537163822406
0.3832	25.333780376136758	375.11988794828926
0.3842	25.52957615944141	376.16491296607234
0.3852	25.726231697795242	377.2104476029023
0.3862	25.923747907882227	378.256492767752
0.3872	26.12212570793738	379.3030493672607
0.3882	26.321366017744058	380.3501183057562
0.3892	26.52146975863141	381.3977004852763
0.3902	26.722437853471828	382.4457968055909
0.3912	26.924271226678428	383.4944081642231
0.3922	27.126970804202546	384.5435354564704
0.3932	27.330537513531354	385.59317957542584
0.3942	27.534972283685367	386.64334141199834
0.3952	27.74027604521615	387.69402185493374
0.3962	27.946449730203888	388.74522179083453
0.3972	28.15349427225517	389.79694210418046
0.3982	28.361410606500602	390.8491836773479
0.3992	28.570199669592665	391.90194739063014
0.4002	28.7798623997034	392.9552341222561
0.4012	28.990399736522296	394.00904474841025
0.4022	29.20181262125411	395.0633801432513
0.4032	29.41410199661674	396.11824117893144
0.4042	29.627268806839126	397.1736287256145
0.4052	29.841313997659213	398.2295436514949
0.4062	30.05623851632187	399.28598682281574
0.4072	30.272043311576926	400.342959103887
0.4082	30.488729333677178	401.4004613571034
0.4092	30.70643486491421	402.4584944429623
0.4102	30.925771213890208	403.51705955503365
0.4112	31.146983770279384	404.5761593717044
0.4122	31.37007500353179	405.635797155388
0.4132	31.595047397324123	406.69597615865933
0.4142	31.82190344951681	407.7566996243609
0.4152	32.05064567211163	408.81797078570736
0.4162	32.281276591210094	409.8797928663891
0.41719999999999996	32.51379874697229	410.94216908067483
0.41819999999999996	32.74821469357657	412.0051026335132
0.41919999999999996	32.98452699917958	413.068596720633
0.42019999999999996	33.22273824587706	414.1326545286423
0.42119999999999996	33.462851029665266	415.1972792351272
0.42219999999999996	33.70486796040282	416.2624740087487
0.42319999999999997	33.94879166177328	417.3282420093391
0.42419999999999997	34.19462477124822	418.3945863879973
0.42519999999999997	34.44236994005093	419.4615102871831
0.42619999999999997	34.692029833120536	420.52901684081024
0.42719999999999997	34.94360712907685	421.597109174339
0.42819999999999997	35.19710452018566	422.6657904048674
0.42919999999999997	35.45252471232461	423.735063641222
0.43019999999999997	35.70987042494948	424.8049319840469
0.43119999999999997	35.969144391061235	425.8753985258928
0.4322	36.230349357173374	426.94646635130465
0.4332	36.49348808327985	428.01813853690817
0.4342	36.758563342823585	429.09041815149624
0.4352	37.02557792266538	430.1633082561136
0.4362	37.294534623053366	431.23681190414163
0.4372	37.56543625759294	432.31093214138104
0.4382	37.83828565321719	433.385672006135
0.4392	38.11308565015778	434.4610345292906
0.4402	38.38983910191635	435.53702273440007
0.4412	38.66854887523628	436.6136396377604
0.4422	38.949217850075115	437.69088824849337
0.4432	39.23184891957718	438.76877156862344
0.4442	39.51644499004689	439.84729259315606
0.4452	39.80300898092236	440.9264543101543
0.4462	40.0915438247495	442.00625970081563
0.4472	40.343666539356036	443.08671173954673
0.4482	40.423794488567076	444.16772771116456
0.4492	40.423794500863465	445.2489225398119
0.4502	40.423794527529864	446.3301173684865
0.4512	40.423794568566265	447.41131219722047
0.4522	40.42379462397266	448.4925070260453
0.4532	40.42379469374906	449.5737018549927
0.4542	40.42379477789545	450.65489668409396
0.4552	40.423794876411854	451.73609151338053
0.4562	40.42379498929825	452.8172863428835
0.4572	40.42379511655465	453.89848117263386
0.4582	40.423795258181045	454.9796760026626
0.4592	40.42379541417745	456.0608708330004
0.4602	40.42379558454385	457.14206566367795
0.4612	40.423795769280254	458.22326049472565
0.4622	40.423795968386656	459.3044553261739
0.4632	40.423796181863054	460.38565015805295
0.4642	40.42379640970946	461.4668449903929
0.4652	40.42379665192586	462.5480398232236
0.4662	40.423796908512266	463.62923465657497
0.4672	40.423797179468664	464.71042949047666
0.4682	40.42379746479507	465.7916243249584
0.4692	40.42379776449148	466.8728191600495
0.4702	40.42379807855789	467.9540139957793
0.4712	40.423798406994294	469.03520883217703
0.4722	40.423798749800696	470.1164036692718
0.4732	40.42379910697711	471.19759850709255
0.4742	40.42379947852351	472.2787933456681
0.4752	40.42379986443993	473.3599881850272
0.4762	40.42380026472634	474.4411830251983
0.4772	40.42380067938275	475.5223778662101
0.4782	40.423801108409165	476.6035727080907
0.4792	40.423801551805575	477.68476755086857
0.48019999999999996	40.42380200957199	478.7659623945716
0.48119999999999996	40.42380248170841	479.847157239228
0.48219999999999996	40.42380296821483	480.92835208486554
0.48319999999999996	40.42380346909124	482.009546931512
0.48419999999999996	40.42380398433766	483.090741779195
0.48519999999999996	40.42380451395408	484.1719366279421
0.48619999999999997	40.4238050579405	485.25313147778076
0.48719999999999997	40.423805616296924	486.3343263287383
0.48819999999999997	40.423806189023345	487.41552118084184
0.48919999999999997	40.423806776119775	488.49671603411855
0.49019999999999997	40.42380737758621	489.57791088859534
0.49119999999999997	40.423807993422635	490.6591057442991
0.49219999999999997	40.42380862362907	491.74030060125665
0.49319999999999997	40.423809268205495	492.8214954594945
0.4942	40.42380992715193	493.90269031903927
0.4952	40.42381060046836	494.9838851799174
0.4962	40.423811288154795	496.0650800421552
0.4972	40.423811990211235	497.14627490577897
0.4982	40.42381270663767	498.22746977081465
0.4992	40.42381343743411	499.3086646372884
0.5002	40.42381418260055	500.3898595052262
0.5012	40.423814942137	501.4710543746536
0.5022	40.42381571604345	502.55224924559644
0.5032	40.423816504319895	503.63344411808026
0.5042	40.42381730696635	504.7146389921307
0.5052	40.4238181239828	505.79583386777296
0.5062	40.423818955369256	506.8770287450324
0.5072	40.42381980112572	507.95822362393426
0.5082	40.42382066125217	509.03941850450366
0.5092	40.42382153574864	510.1206133867655
0.5102	40.423822424615096	511.2018082707447
0.5112	40.423823327851565	512.2830031564662
0.5122	40.42382424545804	513.3641980439545
0.5132	40.423825177434516	514.4453929332343
0.5142	40.423826123781	515.5265878243301
0.5152	40.42382708449748	516.6077827172663
0.5162	40.42382805958396	517.6889776120672
0.5172	40.42382904904045	518.7701725087572
0.5182	40.42383005286693	519.8513674073603
0.5192	40.423831071063425	520.9325623079005
0.5202	40.42383210362993	522.0137572104018
0.5212	40.42383315056642	523.0949521148879
0.5222	40.42383421187293	524.1761470213828
0.5232	40.45962367910161	525.25734192991
0.5242	40.68898991568713	526.3386051389505
0.5252	41.12047520451627	527.4203057564329
0.5262	41.55409266921774	528.5028279369202
0.5272	41.98984605055683	529.5861741711258
0.5282	42.427739100803535	530.6703469474093
0.5292	42.8677755837314	531.7553487518124
0.5302	43.30995927461598	532.8411820680935
0.5312	43.754293960233994	533.9278493777623
0.5322	44.20078343886233	535.015353160114
0.5332	44.649431520277304	536.1036958922639
0.5342	45.10024202575428	537.1928800491806
0.5352	45.55321878806706	538.2829081037202
0.5362	46.008365651487935	539.3737825266588
0.5372	46.46568647178761	540.4655057867268
0.5382	46.9251851162353	541.5580803506404
0.5392	47.38686546359916	542.651508683135
0.5402	47.850731404146615	543.7457932469976
0.5412	48.31678683964535	544.8409365030983
0.5422	48.78503568336377	545.9369409104227
0.5432	49.25548186007233	547.0338089261035
0.5442	49.72812930604446	548.1315430054515
0.5452	50.20298196905811	549.2301456019875
0.5462	50.68004380839695	550.3296191674723
0.5472	51.15931879485245	551.4299661519385
0.5482	51.640810910725186	552.5311890037199
0.5492	52.124524149827266	553.6332901694827
0.5502	52.61046251748418	554.7362720942552
0.5512	53.098630030537194	555.8401372214577
0.5522	53.58903071734571	556.9448879929317
0.5532	54.08166861778991	558.0505268489703
0.5542	54.5765477832736	559.1570562283467
0.5552	55.07367227672686	560.2644785683433
0.5562	55.57304617260926	561.3727963047805
0.5572	56.074673556913105	562.482011872046
0.5582	56.57855852716661	563.592127703122
0.5592	57.084705192437404	564.703146229614
0.5602	57.5931176733364	565.8150698817797
0.5612	58.10380010202126	566.9279010885551
0.5622	58.6167566222005	568.0416422775836
0.5632	59.13199138913751	569.1562958752427
0.5642	59.64950856965481	570.2718643066715
0.5652	60.169312342138205	571.3883499957976
0.5662	60.691406896541594	572.5057553653643
0.5672	61.21579643439125	573.6240828369569
0.5682	61.74248516879091	574.7433348310296
0.5692	62.27147732442633	575.8635137669316
0.5702	62.802777137570686	576.9846220629336
0.5712	63.33638885608944	578.1066621362531
0.5722	63.87231673944584	579.2296364030813
0.5732	64.41056505870618	580.3535472786074
0.5742	64.95113809654562	581.4783971770455
0.5752	65.49404014725364	582.6041885116589
0.5762	66.03927551674002	583.7309236947856
0.5771999999999999	66.58684852254069	584.8586051378632
0.5781999999999999	67.13676349382408	585.9872352514541
0.5791999999999999	67.68902477139687	587.1168164452695
0.5801999999999999	68.24363670771088	588.2473511281945
0.5811999999999999	68.80060366686908	589.378841708312
0.5821999999999999	69.35993002463252	590.5112905929274
0.5831999999999999	69.92162016842683	591.6447001885917
0.5841999999999999	70.48567849734918	592.7790729011267
0.5851999999999999	71.05210942217532	593.9144111356477
0.5861999999999999	71.62091736536644	595.0507172965873
0.5871999999999999	72.19210676107663	596.1879937877192
0.5882	72.76568205516011	597.326243012181
0.5892	73.34164770517856	598.4654673724973
0.5902	73.92000818040904	599.6056692706037
0.5912	74.50076796185124	600.746851107868
0.5922	75.08393154223572	601.8890152851144
0.5932	75.66950342603155	603.0321642026452
0.5942	76.25748812945452	604.1763002602635
0.5952	76.84789018047509	605.3214258572954
0.5962	77.44071411882689	606.4675433926122
0.5972	78.03596449601518	607.6146552646529
0.5982	78.63364587532494	608.7627638714449
0.5992	79.23376283183003	609.911871610627
0.6002	79.83631995240144	611.0619808794703
0.6012	80.44132183571654	612.2130940748999
0.6022	81.04877309226777	613.3652135935164
0.6032	81.65867834437168	614.5183418316166
0.6042	82.27104222617844	615.6724811852155
0.6052	82.88586938368067	616.8276340500664
0.6062	83.50316447472328	617.9838028216825
0.6072	84.12293216901269	619.140989895357
0.6082	84.74517714812652	620.2991976661843
0.6092	85.3699041055232	621.4584285290798
0.6102	85.9971177465521	622.6186848788011
0.6112	86.62682278846319	623.7799691099676
0.6122	87.2590239604171	624.9422836170811
0.6132	87.89372600349547	626.1056307945456
0.6142	88.53093367071088	627.2700130366871
0.6152	89.17065172701756	628.4354327377739
0.6162	89.81288494932156	629.6018922920357
0.6172	90.45763812649139	630.7693940936834
0.6182	91.1049160593687	631.9379405369287
0.6192	91.75472356077914	633.1075340160036
0.6202	92.40706545554312	634.2781769251791
0.6212	93.06194658048669	635.4498716587849
0.6222	93.71937178445279	636.6226206112282
0.6232	94.37934592831226	637.7964261770126
0.6242	95.04187388497529	638.971290750757
0.6252	95.70696053940254	640.1472167272145
0.6262	96.37461078861674	641.3242065012906
0.6272	97.04482954171442	642.5022624680624
0.6282	97.71762171987712	643.6813870227962
0.6292	98.39299225638362	644.8615825609667
0.6302	99.07094609662153	646.0428514782744
0.6312	99.75148819809922	647.2251961706644
0.6322	100.43462353045805	648.408619034344
0.6332	101.12035707548436	649.5931224658011
0.6342	101.8086938271217	650.7787088618215
0.6352	102.49963879148318	651.9653806195071
0.6362	103.19319698686405	653.1531401362934
0.6372	103.88937344375397	654.3419898099669
0.6382	104.58817320484972	655.5319320386831
0.6392	105.28960132506792	656.7229692209831
0.6402	105.99366287155783	657.9151037558119
0.6412	106.70036292371427	659.1083380425347
0.6422	107.40970657319042	660.3026744809545
0.6432	108.12169892391113	661.498115471329
0.6442	108.83634509208593	662.6946634143878
0.6452	109.55365020622233	663.892320711349
0.6462	110.27361940713915	665.0910897639361
0.6472	110.99625784797998	666.2909729743947
0.6482	111.72157069422651	667.4919727455087
0.6492	112.44956312371247	668.6940914806179
0.6502	113.18024032663715	669.8973315836334
0.6512	113.91360750557915	671.1016954590547
0.6522	114.64966987551028	672.3071855119852
0.6532	115.38843266380954	673.5138041481491
0.6542	116.12990111027726	674.7215537739078
0.6552	116.87408046714901	675.9304367962749
0.6562	117.62097599911009	677.1404556229331
0.6572	118.37059298330952	678.3516126622499
0.6582	119.12293670937491	679.5639103232932
0.6592	119.8780124794264	680.7773510158472
0.6602	120.63582560809152	681.9919371504283
0.6612	121.39638142251998	683.2076711383005
0.6622	122.15968526239807	684.424555391491
0.6632	122.92574247996367	685.6425923228056
0.6642	123.69455844002107	686.8617843458441
0.6652	124.46613851995612	688.0821338750156
0.6662	125.24048810975113	689.3036433255543
0.6672	126.01761261200022	690.5263151135339
0.6682	126.79751744192421	691.7501516558831
0.6692	127.58020802738625	692.9751553704007
0.6702	128.36568980890732	694.2013286757707
0.6712	129.15396823968126	695.4286739915767
0.6722	129.94504878559079	696.6571937383175
0.6732	130.7389369252229	697.8868903374212
0.6742	131.5356381498847	699.1177662112603
0.6752	132.33515796361922	700.3498237831666
0.6762	133.1375018832213	701.5830654774451
0.6772	133.94267543825342	702.8174937193891
0.6782	134.750684171062	704.0531109352945
0.6792	135.5615336367933	705.2899195524742
0.6802	136.37522940341	706.5279219992728
0.6812	137.19177705170705	707.7671207050803
0.6822	138.01118217532817	709.0075181003464
0.6832	138.83345038078258	710.2491166165952
0.6842	139.65858728746116	711.491918686439
0.6852	140.48659852765334	712.7359267435924
0.6862	141.31748974656364	713.9811432228859
0.6872	142.15126660232846	715.2275705602806
0.6882	142.98793476603294	716.4752111928814
0.6892	143.827499921728	717.7240675589513
0.6902	144.66996776644703	718.974142097925
0.6912	145.51534401022337	720.2254372504224
0.6922	146.36363437610717	721.4779554582626
0.6932	147.21484460018266	722.7316991644773
0.6942	148.06898043158563	723.9866708133244
0.6952	148.92604763252066	725.2428728503016
0.6962	149.78605197827878	726.5003077221601
0.6972	150.64899925725456	727.7589778769169
0.6982	151.5148952709643	729.0188857638695
0.6992	152.3837458340633	730.2800338336085
0.7002	153.25555677436392	731.542424538031
0.7012	154.13033393285318	732.8060603303535
0.7022	155.00808316371072	734.0709436651254
0.7032	155.8888103343272	735.3370769982422
0.7041999999999999	156.77252132532135	736.6044627869578
0.7051999999999999	157.6592220305597	737.873103489899
0.7061999999999999	158.54891835717322	739.1430015670765
0.7071999999999999	159.4416162255765	740.4141594798991
0.7081999999999999	160.33732156948585	741.6865796911864
0.7091999999999999	161.23604033593793	742.9602646651811
0.7101999999999999	162.13777848530796	744.2352168675624
0.7111999999999999	163.0425419913286	745.5114387654583
0.7121999999999999	163.95033684110845	746.7889328274583
0.7132	164.86116903515088	748.0677015236263
0.7142	165.7750445873727	749.3477473255126
0.7152	166.69196952512323	750.6290727061673
0.7162	167.61194988920315	751.911680140152
0.7172	168.5349917338835	753.1955721035526
0.7182	169.46110112692494	754.480751073992
0.7192	170.39028414959662	755.7672195306415
0.7202	171.32254689669585	757.0549799542341
0.7212	172.25789547656706	758.3440348270766
0.7222	173.19633601112128	759.6343866330614
0.7232	174.13787463585575	760.926037857679
0.7242	175.08251749987343	762.2189909880304
0.7252	176.03027076590232	763.5132485128386
0.7262	176.9811406103155	764.808812922461
0.7272	177.93513322315087	766.1056867089019
0.7282	178.8922548081305	767.4038723658235
0.7292	179.85251158268125	768.7033723885588
0.7302	180.81590977795406	770.004189274123
0.7312	181.78245563884457	771.3063255212255
0.7322	182.75215542401259	772.6097836302818
0.7332	183.7250154059029	773.914566103425
0.7342	184.7010418707653	775.2206754445186
0.7352	185.68024111867453	776.5281141591666
0.7362	186.66261946355135	777.8368847547267
0.7372	187.64818323318252	779.146989740321
0.7382	188.63693876924148	780.4584316268482
0.7392	189.62889242730878	781.7712129269946
0.7402	190.62405057689324	783.0853361552465
0.7412	191.62241960145204	784.4008038279009
0.7422	192.6240058984121	785.7176184630774
0.7432	193.62881587919063	787.0357825807298
0.7442	194.63685596921613	788.3552987026569
0.7452	195.64813260794958	789.6761693525148
0.7462	196.6626522489053	790.9983970558272
0.7472	197.68042135967227	792.3219843399978
0.7482	198.70144642193546	793.6469337343208
0.7492	199.72573393149668	794.9732477699923
0.7502	200.7532903982966	796.300928980122
0.7512	201.78412234643568	797.6299798997437
0.7522	202.81823631419584	798.9604030658271
0.7532	203.85563885406214	800.2922010172884
0.7542	204.89633653274424	801.6253762950018
0.7552	205.94033593119823	802.9599314418103
0.7562	206.98764364464847	804.2958690025371
0.7572	208.03826628260938	805.6331915239961
0.7582	209.0922104689073	806.9719015550032
0.7592	210.14948284170242	808.3120016463874
0.7602	211.21009005351127	809.6534943510015
0.7612	212.2740387712282	810.9963822237329
0.7622	213.34133567614822	812.3406678215147
0.7632	214.41198746398865	813.6863537033363
0.7642	215.48600084491207	815.0334424302547
0.7652	216.56338254354813	816.3819365654047
0.7662	217.6441392990164	817.7318386740097
0.7672	218.72827786494904	819.0831513233934
0.7682	219.81580500951276	820.4358770829888
0.7692	220.90672751543227	821.7900185243504
0.7702	222.00105218001244	823.1455782211643
0.7712	223.09878581516148	824.5025587492587
0.7722	224.1999352474135	825.8609626866144
0.7732	225.30450731795185	827.2207926133759
0.7742	226.41250888263176	828.5820511118616
0.7752	227.52394681200366	829.9447407665742
0.7762	228.638827991336	831.3088641642114
0.7772	229.7571593206391	832.6744238936766
0.7782	230.87894771468774	834.0414225460888
0.7792	232.00420010304484	835.4098627147935
0.7802	233.1329234300851	836.7797469953729
0.7812	234.26512465501796	838.1510779856563
0.7822	235.40081075191154	839.5238582857307
0.7832	236.53998870971603	840.8980904979505
0.7842	237.6826655322878	842.2737772269487
0.7852	238.82884823841258	843.6509210796463
0.7862	239.97854386182976	845.0295246652635
0.7872	241.1317594512558	846.4095905953288
0.7882	242.2885020704089	847.7911214836907
0.7892	243.44877879803215	849.1741199465264
0.7902	244.61259672791834	850.5585886023529
0.7912	245.77996296893375	851.9445300720369
0.7922	246.95088464504263	853.3319469788051
0.7932	248.12536889533104	854.720841948254
0.7942	249.30342287403187	856.1112176083606
0.7952	250.48505375054862	857.5030765894915
0.7962	251.67026870948024	858.8964215244138
0.7972	252.8590749506457	860.2912550483048
0.7982	254.0514796891086	861.6875797987625
0.7992	255.24749015520166	863.0853984158147
0.8002	256.4471135945518	864.4847135419296
0.8012	257.65035726810476	865.885527822026
0.8022	258.85722845214985	867.2878439034823
0.8032	260.06773443834544	868.6916644361474
0.8042	261.2818825337435	870.0969920723504
0.8052	262.4996800608148	871.5038294669099
0.8062	263.7211343574742	872.9121792771444
0.8072	264.9462527771058	874.3220441628822
0.8082	266.17504268858835	875.733426786471
0.8092	267.4075114763202	877.1463298127878
0.8102	268.6436665402455	878.5607559092488
0.8112	269.88351529587885	879.9767077458189
0.8122	271.12706517433145	881.3941879950218
0.8132	272.3743236223366	882.8131993319495
0.8142	273.62529810227505	884.2337444342721
0.8152	274.87999609220134	885.655825982248
0.8162	276.1384250858692	887.0794466587325
0.8172	277.40059259275773	888.5046091491888
0.8182	278.6665061380971	889.9313161416965
0.8192	279.9361732628947	891.3595703269621
0.8202	281.20960152396145	892.7893743983282
0.8212	282.48679849393733	894.2207310517831
0.8222	283.76777176131856	895.653642985971
0.8232	285.05252893048316	897.0881129022008
0.8242	286.34107762171743	898.524143504456
0.8252	287.63342547124273	899.9617374994045
0.8262	288.92958013124166	901.4008975964081
0.8272	290.2295492698845	902.8416265075311
0.8282	291.53334057135646	904.2839269475518
0.8292	292.8409617358837	905.7278016339698
0.8302	294.1524204797604	907.1732532870169
0.8312	295.4677245353755	908.6202846296663
0.8322	296.7868816512401	910.0688983876421
0.8331999999999999	298.10989959201333	911.519097289428
0.8341999999999999	299.43678613853075	912.9708840662781
0.8351999999999999	300.7675490878302	914.4242614522253
0.8361999999999999	302.1021962531797	915.8792321840908
0.8371999999999999	303.4407354641049	917.3357990014941
0.8382	304.78317456641514	918.7939646468617
0.8392	306.12952142223253	920.2537318654371
0.8402	307.47978391001806	921.7151034052896
0.8412	308.8339699245997	923.1780820173241
0.8422	310.19208737719987	924.64267045529
0.8432	311.554144195463	926.1088714757913
0.8442	312.92014832348315	927.5766878382948
0.8452	314.29010772183216	929.0461223051406
0.8462	315.6638020755054	930.5171776415505
0.8472	317.0401309019052	931.9898563461073
0.8482	318.41831957739635	933.4641596124939
0.8492	319.7983691141283	934.9400877181058
0.8502	321.18028052494714	936.4176409408777
0.8512	322.5640548233945	937.8968195592813
0.8522	323.9496930237082	939.3776238523253
0.8532	325.33719614082037	940.860054099553
0.8542	326.7265651903581	942.3441105810427
0.8552	328.1178011886424	943.8297935774056
0.8562	329.5109051526874	945.3171033697847
0.8572	330.90587810020077	946.8060402398547
0.8582	332.3027210495823	948.2966044698202
0.8592	333.7014350199239	949.7887963424143
0.8602	335.1020210310091	951.2826161408989
0.8612	336.5044801033121	952.778064149062
0.8622	337.90881325799836	954.2751406512182
0.8632	339.3150215169227	955.7738459322064
0.8642	340.72310590263	957.2741802773899
0.8652	342.133067438354	958.776143972654
0.8662	343.5449071480174	960.2797373044068
0.8672	344.9586260562308	961.7849605595763
0.8682	346.37422518829277	963.2918140256108
0.8692	347.7917055701891	964.8002979904775
0.8702	349.2110682285921	966.3104127426607
0.8712	350.63231419086094	967.8221585711622
0.8722	352.0554444850403	969.3355357654992
0.8732	353.4804601398605	970.8505446157037
0.8742	354.9073621847368	972.3671854123218
0.8752	356.33615164976914	973.8854584464121
0.8762	357.7668295657413	975.4053640095453
0.8772	359.199396964121	976.9269023938028
0.8782	360.633854877059	978.4500738917761
0.8792	362.07020433738904	979.9748787965657
0.8802	363.50844637862724	981.5013174017798
0.8812	364.94858203497137	983.0293900015339
0.8822	366.3906123413011	984.5590968904496
0.8832	367.83453833317685	986.0904383636534
0.8842	369.2803610468399	987.6234147167763
0.8852	370.72808151921186	989.1580262459524
0.8862	372.17770078789374	990.6942732478182
0.8872	373.6292198911665	992.2321560195113
0.8882	375.08263986798966	993.7716748586702
0.8892	376.53796175800153	995.3128300634326
0.8902	377.99518660151864	996.8556219324349
0.8912	379.45431543953504	998.4000507648112
0.8922	380.9153493137227	999.9461168601927
0.8932	382.37828926642976	1001.4938205187057
0.8942	383.84313634068167	1003.0431620409722
0.8952	385.3098915801795	1004.5941417281078
0.8962	386.77855602930043	1006.1467598817216
0.8972	388.24913073309705	1007.7010168039145
0.8982	389.7216167372966	1009.2569127972793
0.8992	391.19601508830124	1010.8144481648987
0.9002	392.67232683318736	1012.3736232103456
0.9012	394.15055301970506	1013.9344382376811
0.9022	395.63069469627806	1015.4968935514545
0.9032	397.1127529120028	1017.0609894567016
0.9042	398.59672871664884	1018.6267262589447
0.9052	400.082623160658	1020.1941042641912
0.9062	401.57043729514385	1021.7631237789327
0.9072	403.0601721718919	1023.3337851101446
0.9082	404.5518288433584	1024.9060885652843
0.9092	406.0454083626711	1026.4800344522916
0.9102	407.5409117836278	1028.0556230795871
0.9112	409.03834016069635	1029.632854756071
0.9122	410.53769454901504	1031.2117297911236
0.9132	412.0389760043908	1032.7922484946025
0.9142	413.54218558330024	1034.3744111768438
0.9152	415.0473243428882	1035.9582181486594
0.9162	416.5543933409682	1037.543669721338
0.9172	418.0633936360221	1039.1307662066429
0.9182	419.57432628719863	1040.7195079168114
0.9192	421.08719235431477	1042.3098951645547
0.9202	422.6019928978538	1043.9019282630563
0.9212	424.1187289789661	1045.4956075259715
0.9222	425.6374016594681	1047.0909332674264
0.9232	427.1580120018423	1048.6879058020172
0.9242	428.68056106923683	1050.2865254448097
0.9252	430.2050499254656	1051.8867925113384
0.9262	431.7314796350069	1053.488707317605
0.9272	433.25985126300395	1055.0922701800787
0.9282	434.7901658752643	1056.6974814156943
0.9292	436.3224245382598	1058.3043413418523
0.9302	437.85662831912543	1059.9128502764174
0.9312	439.39277828566037	1061.5230085377189
0.9322	440.9308755063258	1063.1348164445478
0.9332	442.47092105024666	1064.7482743161586
0.9342	444.0129159872099	1066.3633824722665
0.9352	445.55686138766475	1067.9801412330476
0.9362	447.1027583227221	1069.5985509191378
0.9372	448.6506078641544	1071.2186118516322
0.9382	450.20041108439557	1072.8403243520843
0.9392	451.75216905654014	1074.4636887425052
0.9402	453.30588285434334	1076.0887053453625
0.9412	454.8615535522209	1077.7153744835807
0.9422	456.41918222524816	1079.3436964805387
0.9432	457.97876994916084	1080.9736716600707
0.9442	459.5403178003534	1082.6053003464644
0.9452	461.1038268558801	1084.2385828644608
0.9462	462.66929819345336	1085.873519539253
0.9472	464.2367328914446	1087.510110696486
0.9482	465.80613202888355	1089.1483566622553
0.9492	467.377496685458	1090.7882577631074
0.9502	468.9507675470295	1092.4298143260369
0.9512	470.52562030207565	1094.073026614982
0.9522	472.10172033859476	1095.7178945523958
0.9532	473.67906656230804	1097.364417709412
0.9542	475.2576578789648	1099.0125956569154
0.9552	476.8374931943425	1100.6624279655437
0.9562	478.4185714142492	1102.313914205688
0.9572	480.0008914445232	1103.9670539474937
0.9582	481.58445219103487	1105.6218467608614
0.9592	483.1692525596874	1107.2782922154477
0.9601999999999999	484.7552914564169	1108.9363898806648
0.9611999999999999	486.34256778719526	1110.596139325684
0.9621999999999999	487.9310804580295	1112.2575401194338
0.9632	489.5208283749629	1113.9205918306018
0.9642	491.1118104440766	1115.5852940276357
0.9652	492.7040255714902	1117.2516462787437
0.9662	494.29747266336256	1118.9196481518952
0.9672	495.89215062589335	1120.5892992148226
0.9682	497.4880583653228	1122.26059903502
0.9692	499.085194787934	1123.9335471797463
0.9702	500.68355880005294	1125.608143216024
0.9712	502.28314930805004	1127.284386710642
0.9722	503.8839652183401	1128.962277230154
0.9732	505.48600543738473	1130.6418143408819
0.9742	507.0892688716916	1132.3229976089137
0.9752	508.69375442781694	1134.0058266001072
0.9762	510.29946101236504	1135.690300880088
0.9772	511.90638753199033	1137.3764200142525
0.9782	513.5145328933977	1139.0641835677675
0.9792	515.1238960033431	1140.753591105571
0.9802	516.7344757686353	1142.4446421923733
0.9812	518.3462710961363	1144.1373363926575
0.9822	519.9592808927621	1145.8316732706805
0.9832	521.5735040654837	1147.5276523904736
0.9842	523.188939521328	1149.2252733158427
0.9852	524.8055861673793	1150.9245356103702
0.9862	526.423442910779	1152.6254388374148
0.9872	528.0425086587278	1154.327982560113
0.9882	529.6627823184853	1156.0321663413788
0.9892	531.2842627973713	1157.737989743905
0.9902	532.9069490027676	1159.4454523301645
0.9912	534.5308398421181	1161.15455366241
0.9922	536.1559342229291	1162.8652933026758
0.9932	537.7822310527712	1164.5776708127771
0.9942	539.4097292392797	1166.2916857543123
0.9952	541.0384276901556	1168.0073376886626
0.9962	542.668325313166	1169.7246261769928
0.9972	544.2994210161457	1171.4435507802532
0.9982	545.931713706998	1173.1641110591788
0.9992	547.5652022936946	1174.8863065742908
1.0002	549.1998856842773	1176.610136885897
1.0012	550.8357627868593	1178.3356015540933
1.0022	552.4728325096237	1180.0627001387622
1.0032	554.1110937608285	1181.7914321995775
1.0042	555.7505454488025	1183.5217972960002
1.0052	557.3911864819507	1185.2537949872833
1.0062	559.0330157687512	1186.9874248324693
1.0072	560.6760322177595	1188.722686390394
1.0082	562.3202347376067	1190.4595792196844
1.0092	563.9656222370022	1192.1981028787616
1.0102	565.6121936247325	1193.938256925839
1.0112	567.2599478096644	1195.6800409189254
1.0122	568.9088837007434	1197.4234544158248
1.0132	570.5590002069973	1199.1684969741373
1.0142	572.2102962375337	1200.915168151258
1.0152	573.8627707015445	1202.6634675043815
1.0162	575.5164225083023	1204.4133945904978
1.0172	577.1712505671663	1206.1649489663978
1.0182	578.8272537875786	1207.9181301886697
1.0192	580.484431079068	1209.6729378137031
1.0202	582.1427813512486	1211.4293713976867
1.0212	583.8023035138231	1213.1874304966123
1.0222	585.4629964765807	1214.9471146662713
1.0232	587.1248591494008	1216.7084234622603
1.0242	588.7878904422508	1218.4713564399767
1.0252	590.4520892651901	1220.2359131546236
1.0262	592.1174545283684	1222.002093161208
1.0272	593.7839851420271	1223.769896014542
1.0282	595.4516800165009	1225.5393212692438
1.0292	597.1205380622171	1227.3103684797377
1.0302	598.7905581896989	1229.0830372002565
1.0312	600.4617393095623	1230.8573269848387
1.0322	602.1340803325214	1232.633237387334
1.0332	603.8075801693848	1234.4107679613987
1.0342	605.4822377310602	1236.189918260501
1.0352	607.1580519285519	1237.9706878379175
1.0362	608.8350216729648	1239.7530762467381
1.0372	610.5131458755013	1241.5370830398624
1.0382	612.1924234474664	1243.3227077700044
1.0392	613.8728533002641	1245.1099499896889
1.0402	615.5544343454027	1246.8988092512566
1.0412	617.2371654944903	1248.68928510686
1.0422	618.9210456592414	1250.4813771084696
1.0432	620.6060737514719	1252.2750848078683
1.0442	622.2922486831051	1254.070407756658
1.0452	623.9795693661675	1255.8673455062549
1.0462	625.6680347127943	1257.6658976078947
1.0472	627.3576436352256	1259.4660636126296
1.0482	629.0483950458114	1261.267843071332
1.0492	630.7402878570084	1263.0712355346918
1.0502	632.4333209813844	1264.8762405532211
1.0512	634.1274933316155	1266.68285767725
1.0522	635.8228038204903	1268.4910864569324
1.0532	637.5192513609072	1270.3009264422415
1.0542	639.2168348658781	1272.1123771829748
1.0552	640.9155532485272	1273.9254382287515
1.0562	642.6154054220924	1275.7401091290155
1.0572	644.3163902999262	1277.5563894330342
1.0582	646.018506795496	1279.3742786899
1.0592	647.7217538223848	1281.1937764485306
1.0602	649.4261302942928	1283.0148822576705
1.0612	651.1316351250362	1284.8375956658895
1.0622	652.8382672285505	1286.6619162215864
1.0632	654.5460255188887	1288.487843472986
1.0642	656.254908910224	1290.3153769681433
1.0652	657.9649163168486	1292.1445162549405
1.0662	659.6760466531764	1293.9752608810911
1.0672	661.388298833742	1295.8076103941378
1.0682	663.1016717732027	1297.6415643414548
1.0692	664.8161643863378	1299.4771222702468
1.0702	666.531775588051	1301.3142837275516
1.0712	668.248504293369	1303.1530482602386
1.0722	669.9663494174449	1304.9934154150114
1.0732	671.6853098755556	1306.835384738406
1.0742	673.4053845831058	1308.678955776794
1.0752	675.1265724556257	1310.524128076381
1.0762	676.8488724087742	1312.3709011832088
1.0772	678.5722833583374	1314.2192746431544
1.0782	680.2968042202317	1316.0692480019331
1.0792	682.0224339105009	1317.920820805095
1.0802	683.7491713453217	1319.7739925980304
1.0812	685.4770154409993	1321.628762925966
1.0822	687.2059651139722	1323.4851313339689
1.0832	688.9360192808098	1325.3430973669444
1.0842	690.6671768582157	1327.2026605696394
1.0852	692.3994367630262	1329.06382048664
1.0862	694.132797912212	1330.9265766623744
1.0872	695.8672592228783	1332.7909286411116
1.0882	697.6028196122671	1334.6568759669647
1.0892	699.3394779977546	1336.5244181838873
1.0902	701.0772332968555	1338.3935548356783
1.0912	702.816084427221	1340.2642854659796
1.0922	704.5560303066412	1342.1366096182785
1.0932	706.2970698530438	1344.0105268359061
1.0942	708.0392019844973	1345.8860366620409
1.0952	709.7824256192087	1347.7631386397056
1.0962	711.5267396755273	1349.6418323117719
1.0972	713.272143071942	1351.5221172209563
1.0982	715.0186347270853	1353.4039929098253
1.0992	716.7662135597307	1355.2874589207925
1.1002	718.5148784887962	1357.1725147961213
1.1012	720.2646284333424	1359.0591600779233
1.1022	722.0154623125757	1360.9473943081616
1.1032	723.7673790458463	1362.8372170286489
1.1042	725.5203775526511	1364.7286277810497
1.1052	727.2744567526323	1366.621626106879
1.1062	729.0296155655802	1368.5162115475052
1.1072	730.7858529114314	1370.4123836441486
1.1082	732.5431677102723	1372.3101419378836
1.1092	734.3015588823357	1374.2094859696367
1.1102	736.0610253480064	1376.1104152801909
1.1112	737.821566027817	1378.0129294101819
1.1122	739.5831798424522	1379.9170279001023
1.1132	741.3458657127469	1381.8227102902997
1.1142	743.1096225596887	1383.7299761209786
1.1152	744.8744493044169	1385.6388249322
1.1162	746.6403448682242	1387.5492562638826
1.1172	748.4073081725564	1389.4612696558029
1.1182	750.1753381390146	1391.3748646475965
1.1192	751.944433689353	1393.2900407787567
1.1202	753.714593745483	1395.2067975886378
1.1212	755.4858172294706	1397.1251346164527
1.1222	757.2581030635397	1399.0450514012764
1.1232	759.0314501700699	1400.9665474820433
1.1242	760.8058574715994	1402.8896223975507
1.1252	762.5813238908246	1404.814275686457
1.1262	764.3578483506012	1406.7405068872845
1.1272	766.1354297739432	1408.6683155384164
1.1282	767.9140670840264	1410.5977011781024
1.1292	769.6937592041854	1412.5286633444532
1.1302	771.4745050579178	1414.4612015754467
1.1312	773.2563035688815	1416.3953154089243
1.1322	775.0391536608981	1418.3310043825938
1.1332	776.8230542579508	1420.2682680340286
1.1342	778.6080042841876	1422.2071059006691
1.1352	780.3940026639192	1424.1475175198225
1.1362	782.181048321623	1426.0895024286644
1.1372	783.9691401819391	1428.0330601642368
1.1382	785.7582771696755	1429.978190263452
1.1392	787.5484582098052	1431.9248922630904
1.1402	789.3396822274689	1433.8731656998027
1.1412	791.131948147974	1435.8230101101087
1.1422	792.9252548967969	1437.7744250304
1.1432	794.7196013995815	1439.7274099969375
1.1442	796.514986582142	1441.6819645458556
1.1452	798.3114093704606	1443.6380882131589
1.1462	800.1088686906919	1445.5957805347261
1.1472	801.9073634691592	1447.5550410463075
1.1482	803.7068926323586	1449.515869283528
1.1492	805.5074551069569	1451.4782647818852
1.1502000000000001	807.3090498197944	1453.4422270767523
1.1512	809.1116756978834	1455.4077557033763
1.1522000000000001	810.9153316684104	1457.374850196881
1.1532	812.7200166587352	1459.343510092264
1.1542	814.5257295963927	1461.3137349244012
1.1552	816.3324694090936	1463.285524228045
1.1562	818.1402350247222	1465.258877537823
1.1572	819.9490253713412	1467.2337943882437
1.1582	821.7588393771881	1469.2102743136907
1.1592	823.5696759706793	1471.1883168484287
1.1602	825.3815340804072	1473.1679215265997
1.1612	827.1944126351442	1475.149087882227
1.1622	829.0083105638399	1477.1318154492121
1.1632	830.823226795625	1479.1161037613392
1.1642	832.6391602598081	1481.1019523522712
1.1652	834.4561098858801	1483.0893607555545
1.1662	836.2740746035106	1485.0783285046155
1.1672	838.093053342553	1487.0688551327648
1.1682	839.9130450330404	1489.060940173194
1.1692	841.7340486051902	1491.0545831589802
1.1702	843.5560629894011	1493.0497836230818
1.1712	845.3790871162568	1495.0465410983434
1.1722	847.2031199165232	1497.0448551174923
1.1732	849.0281603211527	1499.0447252131432
1.1742	850.8542072612807	1501.0461509177944
1.1752	852.68125966823	1503.0491317638318
1.1762	854.5093164735075	1505.0536672835256
1.1772	856.3383766088081	1507.0597570090351
1.1782	858.1684390060125	1509.0674004724058
1.1792	859.9995025971897	1511.0765972055713
1.1802	861.8315663145963	1513.087346740353
1.1812	863.664629090678	1515.0996486084618
1.1822	865.4986898580682	1517.1135023414968
1.1832	867.3337475495912	1519.1289074709475
1.1842	869.16980109826	1521.1458635281924
1.1852	871.0068494372794	1523.164370044502
1.1862	872.8448915000433	1525.1844265510354
1.1872	874.683926220139	1527.2060325788452
1.1882	876.5239525313444	1529.2291876588747
1.1892	878.3649693676305	1531.2538913219596
1.1902	880.20697566316	1533.2801430988277
1.1912	882.0499703522912	1535.307942520101
1.1922	883.8939523695738	1537.3372891162935
1.1932	885.7389206497536	1539.3681824178148
1.1942	887.5848741277696	1541.4006219549667
1.1952	889.4318117387581	1543.4346072579485
1.1962	891.2797324180491	1545.4701378568523
1.1972	893.1286351011705	1547.5072132816672
1.1982	894.9785187238451	1549.5458330622769
1.1992	896.8293822219952	1551.585996728464
1.2002	898.6812245317382	1553.627703809905
1.2012	900.5340445893918	1555.6709538361765
1.2022	902.3878413314706	1557.715746336751
1.2032	904.2426136946895	1559.7620808410002
1.2042	906.0983606159618	1561.8099568781934
1.2052	907.9550810324022	1563.8593739775001
1.2062	909.8127738813238	1565.9103316679877
1.2072	911.6714381002425	1567.962829478625
1.2082	913.5310726268742	1570.01686693828
1.2092	915.3916763991379	1572.072443575722
1.2102	917.2532483551533	1574.1295589196206
1.2112	919.1157874332445	1576.1882124985482
1.2122	920.9792925719369	1578.2484038409773
1.2132	922.8437627099613	1580.3101324752845
1.2142	924.709196786251	1582.3733979297474
1.2152	926.5755937399456	1584.4381997325486
1.2162	928.4429525103877	1586.5045374117724
1.2172	930.311272037127	1588.5724104954086
1.2182	932.1805512599177	1590.64181851135
1.2192	934.0507891187214	1592.7127609873955
1.2202	935.9219845537053	1594.7852374512477
1.2212	937.7941365052458	1596.8592474305165
1.2222	939.6672439139239	1598.9347904527153
1.2232	941.5413057205317	1601.011866045267
1.2242	943.4163208660674	1603.090473735498
1.2252	945.29228829174	1605.1706130506448
1.2262	947.1692069389665	1607.252283517849
1.2272	949.0470757493748	1609.3354846641623
1.2282	950.9258936648018	1611.4202160165426
1.2292	952.8056596272967	1613.5064771018585
1.2302	954.6863725791181	1615.5942674468865
1.2312	956.5680314627375	1617.6835865783135
1.2322	958.4506352208372	1619.7744340227348
1.2332	960.3341827963131	1621.8668093066583
1.2342	962.2186731322727	1623.9607119565003
1.2352	964.1041051720381	1626.05614149859
1.2362	965.9904778591433	1628.1530974591667
1.2372	967.8777901373384	1630.251579364383
1.2382	969.766040950586	1632.351586740302
1.2392	971.6552292430654	1634.4531191129015
1.2402	973.5453539591698	1636.5561760080702
1.2412	975.4364140435096	1638.6607569516123
1.2422	977.3284084409097	1640.7668614692436
1.2432	979.2213360964131	1642.8744890865962
1.2442	981.1151959552786	1644.983639329215
1.2452	983.0099869629836	1647.0943117225615
1.2462	984.905708065222	1649.2065057920108
1.2472	986.8023582079074	1651.3202210628554
1.2482	988.6999363371706	1653.435457060302
1.2492	990.5984413993627	1655.5522133094757
1.2502	992.497872341053	1657.6704893354167
1.2512	994.398228109032	1659.7902846630839
1.2522	996.2995076503094	1661.9115988173526
1.2532	998.2017099121161	1664.0344313230169
1.2542	1000.1048338419037	1666.1587817047882
1.2552	1002.0088783873458	1668.284649487298
1.2562	1003.9138424963373	1670.4120341950957
1.2572	1005.8197251169961	1672.5409353526509
1.2582	1007.7265251976617	1674.6713524843522
1.2592	1009.6342416868979	1676.8032851145094
1.2602	1011.5428735334904	1678.9367327673515
1.2612	1013.4524196864505	1681.07169496703
1.2622	1015.3628790950125	1683.2081712376162
1.2632	1017.2742507086359	1685.3461611031041
1.2642	1019.1865334770047	1687.4856640874088
1.2652	1021.0997263500293	1689.6266797143692
1.2662	1023.0138282778443	1691.7692075077448
1.2672	1024.9288382108123	1693.9132469912204
1.2682	1026.844755099521	1696.0587976884024
1.2692	1028.7615778947861	1698.2058591228222
1.2702	1030.6793055476496	1700.3544308179348
1.2712	1032.5979370093826	1702.5045122971205
1.2722	1034.5174712314824	1704.656103083683
1.2732	1036.437907165677	1706.8092027008533
1.2742	1038.3592437639213	1708.9638106717857
1.2752000000000001	1040.2814799784007	1711.1199265195623
1.2762	1042.2046147615295	1713.2775497671903
1.2772000000000001	1044.128647065953	1715.4366799376048
1.2782	1046.0535758445446	1717.597316553666
1.2792000000000001	1047.9794000504116	1719.7594591381635
1.2802	1049.90611863689	1721.9231072138134
1.2812	1051.8337305575476	1724.0882603032599
1.2822	1053.7622347661857	1726.2549179290768
1.2832	1055.6916302168352	1728.4230796137647
1.2842	1057.6219158637625	1730.5927448797556
1.2852	1059.553090661464	1732.7639132494082
1.2862	1061.485153564672	1734.936584245014
1.2872	1063.4181035283502	1737.1107573887919
1.2882	1065.351939507699	1739.2864322028936
1.2892	1067.2866604581502	1741.4636082093996
1.2902	1069.222265335373	1743.6422849303235
1.2912	1071.1587530952697	1745.8224618876084
1.2922	1073.09612269398	1748.0041386031314
1.2932	1075.0343730878774	1750.1873145987
1.2942	1076.9735032335736	1752.3719893960554
1.2952	1078.9135120879148	1754.5581625168704
1.2962	1080.8543986079865	1756.7458334827534
1.2972	1082.7961617511091	1758.9350018152434
1.2982	1084.7388004748427	1761.1256670358155
1.2992	1086.6823137369838	1763.3178286658774
1.3002	1088.626700495568	1765.511486226773
1.3012	1090.5719597088694	1767.7066392397799
1.3022	1092.5180903354014	1769.9032872261114
1.3032	1094.4650913339162	1772.1014297069162
1.3042	1096.4129616634066	1774.301066203279
1.3052	1098.361700283104	1776.5021962362205
1.3062	1100.311306152482	1778.7048193266985
1.3072	1102.2617782312539	1780.9089349956068
1.3082	1104.2131154793744	1783.1145427637778
1.3092	1106.165316857039	1785.3216421519792
1.3102	1108.1183813246862	1787.5302326809194
1.3112	1110.0723078429955	1789.7403138712425
1.3122	1112.0270953728902	1791.9518852435328
1.3132	1113.9827428755343	1794.164946318312
1.3142	1115.9392493123373	1796.379496616043
1.3152	1117.8966136449503	1798.5955356571258
1.3162	1119.8548348352697	1800.813062961902
1.3172	1121.8139118454344	1803.0320780506522
1.3182	1123.77384363783	1805.252580443599
1.3192	1125.7346291750841	1807.4745696609039
1.3202	1127.6962674200722	1809.6980452226708
1.3212	1129.6587573359134	1811.923006648944
1.3222	1131.622097885974	1814.1494534597111
1.3232	1133.5862880338645	1816.3773851748997
1.3242	1135.5513267434446	1818.6068013143822
1.3252	1137.5172129788175	1820.837701397971
1.3262	1139.4839457043367	1823.0700849454238
1.3272	1141.451523884601	1825.3039514764403
1.3282	1143.4199464844583	1827.5393005106646
1.3292	1145.3892124690028	1829.7761315676837
1.3302	1147.3593208035795	1832.014444167031
1.3312	1149.3302704537798	1834.2542378281814
1.3322	1151.302060385446	1836.4955120705577
1.3332	1153.2746895646683	1838.738266413525
1.3342	1155.2481569577885	1840.9825003763974
1.3352	1157.2224615313958	1843.2282134784311
1.3362	1159.197602252332	1845.4754052388314
1.3372	1161.173578087688	1847.724075176748
1.3382	1163.1503880048072	1849.9742228112793
1.3392	1165.1280309712824	1852.2258476614686
1.3402	1167.1065059549594	1854.4789492463083
1.3412	1169.0858119239351	1856.7335270847373
1.3422	1171.0659478465598	1858.9895806956433
1.3432	1173.046912691434	1861.2471095978615
1.3442	1175.0287054274138	1863.5061133101767
1.3452	1177.011325023606	1865.7665913513213
1.3462	1178.994770449373	1868.0285432399785
1.3472	1180.9790406743282	1870.2919684947788
1.3482	1182.9641346683425	1872.5568666343052
1.3492	1184.9500514015378	1874.8232371770878
1.3502	1186.9367898442933	1877.0910796416101
1.3512	1188.9243489672413	1879.3603935463034
1.3522	1190.9127277412706	1881.6311784095526
1.3532	1192.9019251375244	1883.9034337496919
1.3542	1194.8919401274034	1886.1771590850085
1.3552	1196.882771682562	1888.4523539337397
1.3562	1198.8744187749137	1890.7290178140772
1.3572	1200.866880376627	1893.0071502441633
1.3582	1202.8601554601287	1895.2867507420947
1.3592	1204.854242998101	1897.5678188259187
1.3602	1206.8491419634863	1899.8503540136394
1.3612	1208.8448513294825	1902.1343558232109
1.3622	1210.841370069548	1904.4198237725445
1.3632	1212.838697157397	1906.7067573795027
1.3642	1214.836831567006	1908.9951561619055
1.3652	1216.8357722726068	1911.2850196375248
1.3662	1218.835518248694	1913.57634732409
1.3672	1220.8360684700192	1915.8691387392837
1.3682	1222.8374219115958	1918.1633934007468
1.3692	1224.8395775486963	1920.4591108260734
1.3702	1226.8425343568547	1922.7562905328161
1.3712	1228.846291311865	1925.0549320384823
1.3722	1230.8508473897828	1927.3550348605374
1.3732	1232.8562015669243	1929.656598516403
1.3742	1234.862352819869	1931.9596225234593
1.3752	1236.8693001254564	1934.2641063990422
1.3762	1238.87704246079	1936.570049660448
1.3772	1240.8855788032345	1938.8774518249288
1.3782	1242.8949081304181	1941.1863124096974
1.3792	1244.9050294202318	1943.4966309319234
1.3802	1246.9159416508303	1945.8084069087377
1.3812	1248.9276438006311	1948.1216398572278
1.3822	1250.940134848317	1950.4363292944433
1.3832	1252.9534137728335	1952.752474737392
1.3842	1254.9674795533917	1955.0700757030436
1.3852	1256.9823311694663	1957.389131708326
1.3862	1258.9979676007988	1959.7096422701304
1.3872	1261.0143878273936	1962.0316069053065
1.3882	1263.0315908295229	1964.3550251306674
1.3892	1265.049575587723	1966.679896462986
1.3902	1267.0683410827976	1969.0062204189994
1.3912	1269.0878862958157	1971.3339965154037
1.3922	1271.108210208114	1973.6632242688602
1.3932	1273.1293118012948	1975.9939031959907
1.3942	1275.1511900572289	1978.326032813382
1.3952	1277.1738439580529	1980.6596126375816
1.3962	1279.1972724861732	1982.9946421851034
1.3972	1281.2214746242623	1985.3311209724225
1.3982	1283.246449355262	1987.6690485159797
1.3992	1285.2721956623818	1990.0084243321787
1.4002000000000001	1287.2987125291013	1992.3492479373897
1.4012	1289.325998939167	1994.691518847945
1.4022000000000001	1291.3540538765972	1997.0352365801448
1.4032	1293.3828763256768	1999.380400650252
1.4042000000000001	1295.4124652709634	2001.727010574498
1.4052	1297.4428196972824	2004.0750658690772
1.4062000000000001	1299.4739385897312	2006.4245660501526
1.4072	1301.5058209336762	2008.7755106338516
1.4082	1303.5384657147558	2011.1278991362697
1.4092	1305.5718719188794	2013.4817310734688
1.4102	1307.6060385322262	2015.8370059614779
1.4112	1309.6409645412496	2018.1937233162942
1.4122	1311.676648932672	2020.5518826538807
1.4132	1313.7130906934904	2022.9114834901713
1.4142	1315.7502888109716	2025.2725253410651
1.4152	1317.7882422726582	2027.6350077224326
1.4162	1319.826950066362	2029.9989301501105
1.4172	1321.866411180171	2032.3642921399066
1.4182	1323.9066246024443	2034.7310932075961
1.4192	1325.9475893218162	2037.0993328689258
1.4202	1327.989304327193	2039.4690106396101
1.4212	1330.0317686077574	2041.8401260353357
1.4222	1332.074981152964	2044.2126785717574
1.4232	1334.1189409525443	2046.5866677645029
1.4242	1336.1636469965024	2048.962093129168
1.4252	1338.2090982751192	2051.338954181322
1.4262	1340.2552937789496	2053.7172504365044
1.4272	1342.3022324988256	2056.0969814102273
1.4282	1344.3499134258523	2058.478146617972
1.4292	1346.3983355514142	2060.860745575196
1.4302	1348.4474978671687	2063.2447777973243
1.4312	1350.4973993650528	2065.6302427997593
1.4322	1352.5480390372772	2068.0171400978725
1.4332	1354.5994158763324	2070.405469207011
1.4342	1356.6515288749838	2072.795229642493
1.4352	1358.7043770262765	2075.186420919613
1.4362	1360.7579593235305	2077.5790425536366
1.4372	1362.8120734574593	2079.973094059806
1.4382	1364.8656930183924	2082.368574813347
1.4392	1366.9179354802084	2084.7654834766877
1.4402	1368.9687960770143	2087.163818100821
1.4412	1371.0182700487485	2089.56357673614
1.4422	1373.0663526411868	2091.964757432438
1.4432	1375.1130391059507	2094.3673582389188
1.4442	1377.158324700513	2096.7713772041966
1.4452	1379.202204688207	2099.1768123763077
1.4462	1381.24467433823	2101.583661802708
1.4472	1383.2857289256542	2103.991923530286
1.4482	1385.3253637314308	2106.401595605362
1.4492	1387.363574042398	2108.8126760736986
1.4502	1389.400355151288	2111.2251629804996
1.4512	1391.435702356734	2113.639054370422
1.4522	1393.4696109632748	2116.054348287576
1.4532	1395.5020762813645	2118.4710427755326
1.4542	1397.5330936273772	2120.889135877328
1.4552	1399.5626583236158	2123.308625635471
1.4562	1401.5907656983147	2125.7295100919428
1.4572	1403.6174110856518	2128.151787288209
1.4582	1405.6425898257494	2130.5754552652197
1.4592	1407.666297264685	2133.000512063417
1.4602	1409.6885287544956	2135.426955722738
1.4612	1411.7092796531858	2137.8547842826238
1.4622	1413.7285453247312	2140.2839957820192
1.4632	1415.746321139089	2142.7145882593836
1.4642	1417.7626024722003	2145.146559752691
1.4652	1419.7773847059996	2147.5799082994386
1.4662	1421.790663228418	2150.01463193665
1.4672	1423.8024334333932	2152.4507287008823
1.4682	1425.812690720871	2154.8881966282265
1.4692	1427.8214304968162	2157.327033754319
1.4702	1429.8286481732152	2159.7672381143416
1.4712	1431.834339168085	2162.2088077430294
1.4722	1433.8384989054762	2164.6517406746734
1.4732	1435.8411228154812	2167.096034943128
1.4742	1437.8422063342384	2169.541688581813
1.4752	1439.8417449039418	2171.9886996237237
1.4762	1441.8397339728415	2174.437066101428
1.4772	1443.8361689952546	2176.8867860470805
1.4782	1445.8310454315674	2179.337857492419
1.4792	1447.8243587482443	2181.7902784687767
1.4802	1449.8161044178298	2184.2440470070806
1.4812	1451.806277918959	2186.699161137862
1.4822	1453.7948747363585	2189.1556188912577
1.4832	1455.781890360856	2191.613418297017
1.4842	1457.7673202893827	2194.072557384504
1.4852	1459.7511600249825	2196.533034182707
1.4862	1461.733405076813	2198.994846720239
1.4872	1463.7140509601556	2201.457993025344
1.4882	1465.6930931964177	2203.9224711259026
1.4892	1467.670527313141	2206.388279049437
1.4902	1469.6463488440036	2208.8554148231137
1.4912	1471.6205533288285	2211.323876473751
1.4922	1473.593136313587	2213.7936620278224
1.4932	1475.5640933504046	2216.264769511461
1.4942	1477.5334199975666	2218.7371969504657
1.4952	1479.5011118195239	2221.2109423703055
1.4962	1481.4671643868958	2223.686003796123
1.4972	1483.4315732764785	2226.1623792527407
1.4982	1485.3943340712478	2228.6400667646653
1.4992	1487.3554423603655	2231.119064356093
1.5002	1489.3148937391834	2233.5993700509125
1.5012	1491.2726838092506	2236.080981872712
1.5022	1493.228808178315	2238.563897844782
1.5032	1495.1832624603317	2241.0481159901215
1.5042	1497.1360422754658	2243.533634331441
1.5052	1499.0871432500994	2246.0204508911715
1.5062	1501.0365610168333	2248.508563691461
1.5072	1502.9842912144954	2250.9979707541884
1.5082	1504.930329488143	2253.4886701009614
1.5092	1506.8746714890692	2255.980659753126
1.5102	1508.8173128748062	2258.473937731766
1.5112	1510.7582493091318	2260.968502057713
1.5122	1512.6974764620718	2263.4643507515466
1.5132	1514.634990009908	2265.961481833603
1.5142	1516.570785635179	2268.4598933239754
1.5152	1518.5048590266879	2270.9595832425234
1.5162	1520.4372058795045	2273.460549608872
1.5172	1522.3678218949724	2275.9627904424215
1.5182	1524.296702780711	2278.4663037623486
1.5192	1526.2238442506227	2280.971087587613
1.5202	1528.149242024893	2283.47713993696
1.5212	1530.0728918300013	2285.9844588289284
1.5222	1531.9947893987176	2288.493042281849
1.5232	1533.914930470115	2291.002888313857
1.5242	1535.8333107895667	2293.5139949428894
1.5252000000000001	1537.7499261087555	2296.026360186695
1.5262	1539.6647721856757	2298.5399820628345
1.5272000000000001	1541.5778447846376	2301.054858588689
1.5282	1543.4891396762712	2303.57098778146
1.5292000000000001	1545.398652637533	2306.08836765818
1.5302	1547.3063794517052	2308.6069962357087
1.5312000000000001	1549.2123159084058	2311.126871530747
1.5322	1551.1164578035878	2313.6479915598325
1.5332000000000001	1553.0188009395458	2316.170354339351
1.5342	1554.9193411249184	2318.6939578855354
1.5352000000000001	1556.8180741746949	2321.218800214476
1.5362	1558.714995910215	2323.744879342117
1.5372	1560.6101021591776	2326.2721932842705
1.5382	1562.5033887556413	2328.8007400566134
1.5392	1564.3948515400282	2331.330517674694
1.5402	1566.2844863591301	2333.8615241539374
1.5412	1568.1722890661101	2336.393757509649
1.5422	1570.0582555205087	2338.92721575702
1.5432	1571.942381588244	2341.461896911129
1.5442	1573.8246631416189	2343.9977989869494
1.5452	1575.7050960593226	2346.5349199993525
1.5462	1577.583676226436	2349.073257963112
1.5472	1579.4603995344326	2351.6128108929074
1.5482	1581.3352618811857	2354.15357680333
1.5492	1583.2082591709684	2356.6955537088843
1.5502	1585.0793873144607	2359.238739623998
1.5512	1586.948642228749	2361.7831325630177
1.5522	1588.8160198373334	2364.328730540223
1.5532	1590.681516070128	2366.875531569822
1.5542	1592.545126863467	2369.423533665962
1.5552	1594.4068481601053	2371.9727348427286
1.5562	1596.2666759092251	2374.523133114155
1.5572	1598.1246060664364	2377.074726494222
1.5582	1599.9806345937816	2379.6275129968653
1.5592	1601.8347574597383	2382.181490635977
1.5602	1603.6869706392229	2384.7366574254115
1.5612	1605.5372701135936	2387.29301137899
1.5622	1607.3856518706546	2389.8505505105036
1.5632	1609.232111904656	2392.4092728337173
1.5642	1611.076646216302	2394.969176362377
1.5652	1612.919250812749	2397.5302591102086
1.5662	1614.7599217076122	2400.092519090927
1.5672	1616.5986549209665	2402.6559543182375
1.5682	1618.435446479351	2405.2205628058414
1.5692	1620.2702924157702	2407.786342567438
1.5702	1622.1031887696993	2410.3532916167323
1.5712	1623.9341315870845	2412.9214079674343
1.5722	1625.7631169203485	2415.4906896332686
1.5732	1627.5901408283912	2418.061134627974
1.5742	1629.4151993765938	2420.6327409653095
1.5752	1631.2382886368202	2423.205506659058
1.5762	1633.0594046874237	2425.779429723032
1.5772	1634.8785436132425	2428.3545081710736
1.5782	1636.695701505611	2430.9307400170637
1.5792	1638.5108744623546	2433.508123274921
1.5802	1640.324058587799	2436.086655958612
1.5812	1642.135249992768	2438.666336082147
1.5822	1643.9444447945891	2441.247161659593
1.5832	1645.7516391170934	2443.82913070507
1.5842	1647.5568290906212	2446.4122412327606
1.5852	1649.3600108520222	2448.9964912569103
1.5862	1651.1611805446596	2451.5818787918347
1.5872	1652.9603343184103	2454.1684018519195
1.5882	1654.7574683296707	2456.756058451629
1.5892	1656.552578741355	2459.3448466055056
1.5902	1658.3456617229026	2461.934764328178
1.5912	1660.1367134502748	2464.525809634361
1.5922	1661.9257301059624	2467.1179805388633
1.5932	1663.7127078789836	2469.7112750565875
1.5942	1665.49764296489	2472.305691202539
1.5952	1667.280531565766	2474.9012269918244
1.5962	1669.061369890233	2477.4978804396596
1.5972	1670.8401541534497	2480.0956495613714
1.5982	1672.6168805771167	2482.6945323724026
1.5992	1674.3915453894758	2485.2945268883145
1.6002	1676.1641448253154	2487.895631124794
1.6012	1677.9346751259686	2490.497843097651
1.6022	1679.7031325393195	2493.1011608228314
1.6032	1681.4695133198013	2495.7055823164105
1.6042	1683.2338137284023	2498.311105594608
1.6052	1684.9960300326638	2500.9177286737804
1.6062	1686.7561585066858	2503.5254495704353
1.6072	1688.5141954311255	2506.1342663012274
1.6082	1690.270137093202	2508.7441768829663
1.6092	1692.0239797866966	2511.3551793326187
1.6102	1693.7757198119557	2513.9672716673144
1.6112	1695.5253534758906	2516.580451904346
1.6122	1697.272877091983	2519.194718061178
1.6132	1699.018286980282	2521.8100681554447
1.6142	1700.761579467411	2524.4265002049597
1.6152	1702.5027508865637	2527.044012227714
1.6162	1704.2417975775124	2529.662602241886
1.6172	1705.978715886603	2532.282268265838
1.6182	1707.7135021667618	2534.9030083181274
1.6192	1709.446152777494	2537.5248204175036
1.6202	1711.176664084888	2540.147702582918
1.6212	1712.9050324616128	2542.7716528335213
1.6222	1714.6312542869248	2545.3966691886735
1.6232	1716.355325946665	2548.022749667942
1.6242	1718.077243833263	2550.64989229111
1.6252	1719.7970043457365	2553.2780950781753
1.6262	1721.5146038896955	2555.90735604936
1.6272	1723.2300388773406	2558.5376732251066
1.6282	1724.943305727467	2561.1690446260905
1.6292	1726.6544008654637	2563.8014682732146
1.6302	1728.363320723317	2566.4349421876204
1.6312	1730.0700617396094	2569.0694643906863
1.6322	1731.7746203595236	2571.7050329040353
1.6332	1733.4769930348414	2574.3416457495346
1.6342	1735.177176223946	2576.979300949303
1.6352	1736.8751663918238	2579.617996525711
1.6362	1738.5709600100643	2582.2577305013883
1.6372	1740.2645535568613	2584.898500899223
1.6382	1741.9559435170165	2587.540305742369
1.6392	1743.645126381937	2590.1831430542466
1.6402	1745.3320986496394	2592.8270108585484
1.6412	1747.016856824748	2595.4719071792397
1.6422	1748.6993974184998	2598.1178300405677
1.6432	1750.3797169487411	2600.7647774670572
1.6442	1752.057811939932	2603.4127474835223
1.6452	1753.7336789231451	2606.0617381150623
1.6462	1755.4073144360677	2608.7117473870712
1.6472	1757.0787150230024	2611.3627733252374
1.6482	1758.7478772348684	2614.01481395555
1.6492	1760.4147976292006	2616.667867304299
1.6502000000000001	1762.0794727701536	2619.3219313980826
1.6512	1763.741899228499	2621.977004263806
1.6522000000000001	1765.4020735816298	2624.633083928691
1.6532	1767.059992413557	2627.2901684202725
1.6542000000000001	1768.7156523149154	2629.948255766408
1.6552	1770.3690498829587	2632.6073439952747
1.6562000000000001	1772.0201817215664	2635.267431135382
1.6572	1773.6690444412386	2637.9285152155653
1.6582000000000001	1775.3156346591004	2640.5905942649947
1.6592	1776.9599489989016	2643.2536663131777
1.6602000000000001	1778.6019840910167	2645.917729389962
1.6612	1780.2417365724461	2648.5827815255384
1.6622000000000001	1781.8792030868174	2651.248820750446
1.6632	1783.5143802843836	2653.9158450955733
1.6642000000000001	1785.1472648220267	2656.5838525921636
1.6652	1786.777853363255	2659.252841271815
1.6662	1788.4061425782068	2661.9228091664904
1.6672	1790.0321291436485	2664.593754308513
1.6682	1791.6558097429756	2667.265674730573
1.6692	1793.2771810662146	2669.9385684657345
1.6702	1794.8962398100205	2672.612433547431
1.6712	1796.51298267768	2675.287268009477
1.6722	1798.12740637911	2677.963069886064
1.6732	1799.7395076308592	2680.6398372117706
1.6742	1801.349283156107	2683.317568021558
1.6752	1802.9567296846653	2685.996260350782
1.6762	1804.561843952978	2688.675912235189
1.6772	1806.1646227041206	2691.356521710923
1.6782	1807.765062687802	2694.038086814528
1.6792	1809.3631606603628	2696.720605582951
1.6802	1810.9589133847771	2699.4040760535454
1.6812	1812.5523176306522	2702.088496264075
1.6822	1814.1433701742278	2704.7738642527147
1.6832	1815.7320677983778	2707.460178058058
1.6842	1817.3184072926083	2710.1474357191146
1.6852	1818.9023854530594	2712.8356352753194
1.6862	1820.4839990825044	2715.5247747665308
1.6872	1822.0632449903505	2718.214852233038
1.6882	1823.640119992638	2720.9058657155606
1.6892	1825.2146209120401	2723.597813255254
1.6902	1826.786744577864	2726.2906928937114
1.6912	1828.3564878260506	2728.984502672969
1.6922	1829.9238474991723	2731.6792406355044
1.6932	1831.4888204464373	2734.374904824247
1.6942	1833.0514035236833	2737.071493282573
1.6952	1834.611593593384	2739.7690040543166
1.6962	1836.1693875246435	2742.4674351837652
1.6972	1837.7247821931996	2745.166784715669
1.6982	1839.2777744814216	2747.86705069524
1.6992	1840.8283612783116	2750.5682311681576
1.7002	1842.3765394795023	2753.27032418057
1.7012	1843.9223059872586	2755.973327779098
1.7022	1845.4656577104756	2758.677240010837
1.7032	1847.0065915646815	2761.382058923364
1.7042	1848.5451044720314	2764.087782564734
1.7052	1850.081193361314	2766.7944089834896
1.7062	1851.6148551679448	2769.5019362286585
1.7072	1853.146086833971	2772.210362349762
1.7082	1854.674885308067	2774.919685396813
1.7092	1856.201247545537	2777.629903420323
1.7102	1857.7251705083113	2780.3410144713007
1.7112	1859.2466511649495	2783.0530166012604
1.7122	1860.7656864906373	2785.7659078622205
1.7132	1862.2822734671872	2788.479686306709
1.7142	1863.796409083037	2791.1943499877652
1.7152	1865.3080903332504	2793.9098969589436
1.7162	1866.8173142195155	2796.6263252743156
1.7172	1868.3240777501453	2799.343632988475
1.7182	1869.8283779400747	2802.0618181565364
1.7192	1871.3302118108631	2804.7808788341436
1.7202	1872.8295763906908	2807.500813077468
1.7212	1874.326468714361	2810.221618943215
1.7222	1875.820885823296	2812.943294488624
1.7232	1877.3128247655397	2815.6658377714734
1.7242	1878.8022825957541	2818.389246850082
1.7252	1880.289256375221	2821.113519783314
1.7262	1881.773743171838	2823.8386546305787
1.7272	1883.2557400601222	2826.564649451837
1.7282	1884.7352441212042	2829.2915023076002
1.7292	1886.2122524428326	2832.0192112589384
1.7302	1887.6867621193674	2834.7477743674767
1.7312	1889.158770251785	2837.4771896954044
1.7322	1890.6282739476724	2840.2074553054726
1.7332	1892.0952703212292	2842.9385692610012
1.7342	1893.5597564932652	2845.670529625878
1.7352	1895.0217295912012	2848.4033344645654
1.7362	1896.481186749065	2851.1369818420994
1.7372	1897.938125107494	2853.8714698240965
1.7382	1899.392541813731	2856.6067964767512
1.7392	1900.8444340216254	2859.342959866845
1.7402	1902.2937988916306	2862.079958061743
1.7412	1903.7406335908051	2864.8177891294035
1.7422	1905.1849352928077	2867.5564511383723
1.7432	1906.6267011779005	2870.2959421577943
1.7442	1908.065928432945	2873.03626025741
1.7452	1909.502614251402	2875.7774035075613
1.7462	1910.9367558333304	2878.5193699791926
1.7472	1912.3683503853856	2881.262157743855
1.7482	1913.7973951208187	2884.005764873707
1.7492	1915.2238872594755	2886.750189441521
1.7502	1916.647824027794	2889.4954295206803
1.7512	1918.0692026588058	2892.241483185189
1.7522	1919.4880203921307	2894.988348509666
1.7532	1920.9042744739797	2897.7360235693577
1.7542	1922.3179621571508	2900.484506440131
1.7552	1923.7290807010288	2903.2337951984837
1.7562	1925.137627371584	2905.9838879215417
1.7572	1926.5435994413704	2908.734782687066
1.7582	1927.946994189524	2911.4864775734504
1.7592	1929.3478089017633	2914.2389706597305
1.7602	1930.7460408703848	2916.9922600255804
1.7612	1932.1416873942649	2919.746343751319
1.7622	1933.534745778855	2922.5012199179105
1.7632	1934.9252133361836	2925.256886606969
1.7642	1936.313087384851	2928.0133419007598
1.7652	1937.6983652500323	2930.770583882203
1.7662	1939.0810442634706	2933.5286106348735
1.7672	1940.4611217634808	2936.2874202430085
1.7682	1941.8385950949435	2939.0470107915044
1.7692	1943.2134616093063	2941.8073803659236
1.7702	1944.5857186645808	2944.568527052495
1.7712	1945.955363625342	2947.3304489381185
1.7722	1947.3223938627257	2950.093144110365
1.7732	1948.6868067544274	2952.8566106574804
1.7742	1950.0485996847	2955.6208466683884
1.7752000000000001	1951.4077700443543	2958.3858502326934
1.7762	1952.764315230753	2961.1516194406804
1.7772000000000001	1954.1182326478136	2963.9181523833217
1.7782	1955.4695197060037	2966.6854471522747
1.7792000000000001	1956.8181738223407	2969.4535018398897
1.7802	1958.1641924203889	2972.2223145392063
1.7812000000000001	1959.5075729302594	2974.991883343963
1.7822	1960.8483127886054	2977.7622063485924
1.7832000000000001	1962.1864094386247	2980.5332816482305
1.7842	1963.5218603300523	2983.305107338713
1.7852000000000001	1964.8546629191646	2986.0776815165827
1.7862	1966.1848146687726	2988.851002279089
1.7872000000000001	1967.512313048223	2991.625067724192
1.7882	1968.8371555333938	2994.399875950563
1.7892000000000001	1970.159339606696	2997.1754250575914
1.7902	1971.478862757067	2999.9517131453795
1.7912000000000001	1972.7957224799732	3002.7287383147536
1.7922	1974.1099162774044	3005.506498667259
1.7932	1975.4214416578743	3008.284992305169
1.7942	1976.730296136418	3011.0642173314823
1.7952	1978.036477234588	3013.844171849926
1.7962	1979.3399824804549	3016.6248539649623
1.7972	1980.6408094086034	3019.406261781784
1.7982	1981.9389555601317	3022.1883934063244
1.7992	1983.2344184826482	3024.971246945254
1.8002	1984.5271957302703	3027.754820505985
1.8012	1985.817284863621	3030.5391121966736
1.8022	1987.1046834498286	3033.3241201262235
1.8032	1988.3893890625232	3036.109842404285
1.8042	1989.6713992818352	3038.8962771412616
1.8052	1990.950711694392	3041.683422448308
1.8062	1992.2273238933183	3044.471276437338
1.8072	1993.5012334782298	3047.259837221019
1.8082	1994.772438055236	3050.0491029127834
1.8092	1996.0409352369334	3052.8390716268223
1.8102	1997.3067226424064	3055.629741478096
1.8112	1998.569797897223	3058.4211105823283
1.8122	1999.8301586334346	3061.213177056016
1.8132	2001.087802489571	3064.0059390164247
1.8142	2002.3427271106405	3066.799394581597
1.8152	2003.5949301481257	3069.5935418703507
1.8162	2004.8444092599832	3072.388379002284
1.8172	2006.091162110639	3075.1839040977743
1.8182	2007.3351863709881	3077.9801152779833
1.8192	2008.5764797183901	3080.777010664858
1.8202	2009.8150398366697	3083.574588381136
1.8212	2011.0508644161102	3086.37284655034
1.8222	2012.283951153455	3089.17178329679
1.8232	2013.5142977519026	3091.971396745598
1.8242	2014.7419019211059	3094.771685022675
1.8252	2015.9667613771674	3097.5726462547277
1.8262	2017.1888738426392	3100.3742785692684
1.8272	2018.4082370465192	3103.1765800946096
1.8282	2019.6248487242487	3105.979548959872
1.8292	2020.8387066177097	3108.783183294982
1.8302	2022.0498084752232	3111.5874812306793
1.8312	2023.258152051545	3114.392440898512
1.8322	2024.463735107865	3117.198060430847
1.8332	2025.666555411803	3120.0043379608646
1.8342	2026.8666107374077	3122.811271622566
1.8352	2028.063898865152	3125.6188595507724
1.8362	2029.2584175819322	3128.4270998811294
1.8372	2030.4501646810645	3131.2359907501063
1.8382	2031.6391379622826	3134.0455302950018
1.8392	2032.8253352317347	3136.8557166539426
1.8402	2034.008754301981	3139.6665479658895
1.8412	2035.189392991991	3142.4780223706343
1.8422	2036.367249127141	3145.2901380088074
1.8432	2037.5423205392099	3148.102893021875
1.8442	2038.7146050663796	3150.916285552147
1.8452	2039.884100553228	3153.730313742772
1.8462	2041.0508048507309	3156.544975737746
1.8472	2042.2147158162543	3159.3602696819094
1.8482	2043.375831313556	3162.176193720953
1.8492	2044.53414921278	3164.992746001417
1.8502	2045.6896673904541	3167.8099246706956
1.8512	2046.8423837294877	3170.6277278770367
1.8522	2047.9922961191694	3173.446153769547
1.8532	2049.1394024551623	3176.2652004981896
1.8542	2050.283700639503	3179.0848662137914
1.8552	2051.4251885805966	3181.9051490680404
1.8562	2052.563864193217	3184.726047213491
1.8572	2053.6997253984996	3187.5475588035624
1.8582	2054.832770123943	3190.369681992548
1.8592	2055.9629963034026	3193.192414935607
1.8602	2057.090401877089	3196.015755788775
1.8612	2058.2149847915643	3198.839702708962
1.8622	2059.336742999741	3201.664253853955
1.8632	2060.455674460876	3204.4894073824203
1.8642	2061.5717771405702	3207.3151614539065
1.8652	2062.6850490107636	3210.1415142288433
1.8662	2063.7954880497346	3212.968463868548
1.8672	2064.903092242093	3215.796008535223
1.8682	2066.007859578782	3218.624146391962
1.8692	2067.109788057069	3221.452875602747
1.8702	2068.20887568055	3224.2821943324566
1.8712	2069.3051204591393	3227.1121007468605
1.8722	2070.398520409071	3229.942593012629
1.8732	2071.489073552893	3232.7736692973276
1.8742	2072.5767779194657	3235.605327769427
1.8752	2073.661631543959	3238.4375665982957
1.8762	2074.7436324678483	3241.2703839542114
1.8772	2075.82277873891	3244.103778008355
1.8782	2076.899068411221	3246.937746932819
1.8792	2077.9724995451534	3249.7722889006027
1.8802	2079.0430702073727	3252.607402085621
1.8812	2080.1107784708324	3255.4430846626997
1.8822	2081.175622414775	3258.2793348075847
1.8832	2082.237600124722	3261.1161506969356
1.8842	2083.296709692479	3263.9535305083355
1.8852	2084.3529492161247	3266.7914724202865
1.8862	2085.406316800011	3269.6299746122163
1.8872	2086.456810554762	3272.4690352644757
1.8882	2087.504428597265	3275.308652558345
1.8892	2088.5491690506724	3278.1488246760323
1.8902	2089.5910300443957	3280.9895498006767
1.8912	2090.630009714103	3283.8308261163506
1.8922	2091.6661062017147	3286.6726518080613
1.8932	2092.699317655401	3289.515025061751
1.8942	2093.729642229579	3292.3579440643025
1.8952	2094.757078084907	3295.201407003536
1.8962	2095.781623388283	3298.0454120682157
1.8972	2096.803276312842	3300.889957448048
1.8982	2097.8220350379506	3303.7350413336862
1.8992	2098.837897749204	3306.5806619167283
1.9002000000000001	2099.8508626384228	3309.426817389726
1.9012	2100.8609279036505	3312.273505946175
1.9022000000000001	2101.868091749148	3315.120725780531
1.9032	2102.872352385391	3317.9684750881984
1.9042000000000001	2103.873708029068	3320.816752065541
1.9052	2104.872156903074	3323.6655549098778
1.9062000000000001	2105.8676972365092	3326.5148818194907
1.9072	2106.860327264674	3329.3647309936196
1.9082000000000001	2107.850045229066	3332.21510063247
1.9092	2108.836849377377	3335.06598893721
1.9102000000000001	2109.8207379634878	3337.917394109977
1.9112	2110.8017092474665	3340.769314353874
1.9122000000000001	2111.7797614955643	3343.6217478729764
1.9132	2112.754892980211	3346.474692872329
1.9142000000000001	2113.7271019800114	3349.3281475579515
1.9152	2114.696386779743	3352.1821101368378
1.9162000000000001	2115.662745670352	3355.03657881696
1.9172	2116.626176948947	3357.8915518072677
1.9182000000000001	2117.5866789188003	3360.7470273176905
1.9192	2118.54424988934	3363.6030035591402
1.9202	2119.4988881761465	3366.4594787435117
1.9212	2120.4512122895385	3369.316451083687
1.9222	2121.4037016337134	3372.1739191162105
1.9232	2122.356356151365	3375.0318826691655
1.9242	2123.3091757852367	3377.890341570781
1.9252	2124.262160478122	3380.7492956494375
1.9262	2125.2153101728636	3383.6087447336618
1.9272	2126.1686248123538	3386.4686886521317
1.9282	2127.122104339533	3389.3291272336696
1.9292	2128.075748697393	3392.19006030725
1.9302	2129.0295578289733	3395.0514877019914
1.9312	2129.9835316773638	3397.9134092471627
1.9322	2130.937670185702	3400.7758247721777
1.9332	2131.8919732971763	3403.6387341066006
1.9342	2132.8464409550224	3406.5021370801383
1.9352	2133.801073102526	3409.3660335226486
1.9362	2134.75586968302	3412.2304232641322
1.9372	2135.710830639889	3415.095306134739
1.9382	2136.6659559165637	3417.9606819647634
1.9392	2137.6212454565252	3420.8265505846466
1.9402	2138.576699203301	3423.6929118249745
1.9412	2139.5323171004698	3426.55976551648
1.9422	2140.4880990916563	3429.42711149004
1.9432	2141.444045120535	3432.2949495766766
1.9442	2142.400155130829	3435.1632796075573
1.9452	2143.356429066308	3438.032101413996
1.9462	2144.312866870792	3440.901414827447
1.9472	2145.269468488147	3443.771219679513
1.9482	2146.2262338622886	3446.6415158019377
1.9492	2147.18316293718	3449.5123030266122
1.9502	2148.140255656832	3452.383581185568
1.9512	2149.097511965303	3455.255350110982
1.9522	2150.0549318067	3458.127609635173
1.9532	2151.012515125178	3461.000359590606
1.9542	2151.9702618649376	3463.873599809884
1.9552	2152.928171970229	3466.7473301257587
1.9562	2153.886245385349	3469.621550371119
1.9572	2154.844482054643	3472.4962603790004
1.9582	2155.8028819225015	3475.3714599825767
1.9592	2156.761444933365	3478.2471490151675
1.9602	2157.7201710317195	3481.1233273102307
1.9612	2158.6790601620987	3483.999994701369
1.9622	2159.6381122690836	3486.8771510223237
1.9632	2160.5973272973024	3489.7547961069795
1.9642	2161.556705191429	3492.6329297893603
1.9652	2162.516245896187	3495.511551903633
1.9662	2163.4759493563433	3498.3906622841023
1.9672	2164.435815516715	3501.2702607652163
1.9682	2165.395844322163	3504.150347181561
1.9692	2166.356035717598	3507.0309213678647
1.9702	2167.3163896479737	3509.9119831589933
1.9712	2168.276906058294	3512.793532389954
1.9722	2169.2375848936067	3515.6755688958924
1.9732	2170.1984260990075	3518.558092512095
1.9742	2171.159429619637	3521.4411030739843
1.9752	2172.1205954006846	3524.3246004171265
1.9762	2173.0819233873826	3527.2085843772215
1.9772	2174.043413525013	3530.093054790112
1.9782	2175.0050657589013	3532.978011491776
1.9792	2175.9668800344202	3535.8634543183325
1.9802	2176.9288562969873	3538.7493831060347
1.9812	2177.8909944920683	3541.635797691277
1.9822	2178.8532945651727	3544.52269791059
1.9832	2179.815756461857	3547.410083600643
1.9842	2180.778380127723	3550.29795459824
1.9852	2181.741165508418	3553.1863107403246
1.9862	2182.704112549635	3556.075151863976
1.9872	2183.667221197113	3558.964477806411
1.9882	2184.6304913966364	3561.854288404981
1.9892	2185.5939230940353	3564.7445834971777
1.9902	2186.557516235184	3567.6353629206237
1.9912	2187.5212707660035	3570.5266265130826
1.9922	2188.485186632459	3573.4183741124493
1.9932	2189.4492637805615	3576.3106055567578
1.9942	2190.4135021563675	3579.203320684175
1.9952	2191.377901705978	3582.096519333006
1.9962	2192.342462375538	3584.9902013416877
1.9972	2193.3071841112405	3587.884366548795
1.9982	2194.27206685932	3590.779014793034
1.9992	2195.2371105660586	3593.6741459132495
2.0002	2196.2023151777807	3596.5697597484163
2.0012	2197.1676806408573	3599.465856137646
2.0022	2198.133206901704	3602.362434920186
2.0032	2199.0988939067793	3605.259495935412
2.0042	2200.064741602588	3608.1570390228376
2.0052	2201.030749935678	3611.055064022109
2.0062	2201.9969188526443	3613.953570773007
2.0072	2202.9632483001224	3616.852559115441
2.0082	2203.929738224795	3619.7520288894584
2.0092	2204.8963885733874	3622.6519799352363
2.0102	2205.863199292671	3625.552412093087
2.0112	2206.8301703294587	3628.4533252034507
2.0122	2207.7973016306105	3631.3547191069047
2.0132	2208.7645931430275	3634.256593644156
2.0142	2209.732044813657	3637.1589486560447
2.0152	2210.6996565894888	3640.0617839835395
2.0162	2211.667428417557	3642.9650994677436
2.0172	2212.6353602449394	3645.868894949891
2.0182	2213.6034520187586	3648.773170271348
2.0192	2214.5717036861784	3651.6779252736083
2.0202	2215.540115194409	3654.5831597982997
2.0212	2216.508686490702	3657.4888736871794
2.0222	2217.4774175223542	3660.395066782137
2.0232	2218.446308236704	3663.3017389251877
2.0242	2219.4153585811355	3666.208889958481
2.0252	2220.384568503074	3669.116519724296
2.0262000000000002	2221.3539379499894	3672.0246280650417
2.0272	2222.323466869393	3674.9332148232534
2.0282	2223.2931552088417	3677.842279841599
2.0292	2224.263002915934	3680.751822962876
2.0302000000000002	2225.2330099383125	3683.6618440300113
2.0312	2226.203176223661	3686.572342886056
2.0322	2227.1735017197075	3689.483319374195
2.0332	2228.1439863742225	3692.394773337741
2.0342000000000002	2229.114630135021	3695.306704620135
2.0352	2230.0854329499566	3698.219113064943
2.0362	2231.05639476693	3701.131998515864
2.0372	2232.027515533883	3704.0453608167218
2.0382000000000002	2232.9987951987996	3706.95919981147
2.0392	2233.970233709705	3709.873515344187
2.0402	2234.9418310146702	3712.7883072590816
2.0412	2235.9135870618056	3715.7035754004883
2.0422000000000002	2236.885501799266	3718.6193196128697
2.0432	2237.8575751752473	3721.535539740813
2.0442	2238.8298071379877	3724.4522356290345
2.0452	2239.8021976357686	3727.3694071223763
2.0462000000000002	2240.774746616913	3730.287054065809
2.0472	2241.747454029785	3733.2051763044246
2.0482	2242.7203198227917	3736.123773683445
2.0492	2243.693343944383	3739.042846048218