0.006 1.38992
0.007 1.37005
0.008 1.35221
0.009 1.33628
0.01 1.32218
0.011 1.30989
0.012 1.29937
0.013 1.29062
0.014 1.28366
0.015 1.27849
0.016 1.27513
0.017 1.2736
0.018 1.27391
0.019 1.27608
0.02 1.28013
0.021 1.28605
0.022 1.29386
0.023 1.30354
0.024 1.31509
0.025 1.3285
0.026 1.34373
0.027 1.36076
0.028 1.37956
0.029 1.40006
0.03 1.42223
0.031 1.446
0.032 1.4713
0.033 1.49806
0.034 1.5262
0.035 1.55563
0.036 1.58626
0.037 1.61801
0.038 1.65077
0.039 1.68444
0.04 1.71892
0.041 1.75412
0.042 1.78992
0.043 1.82622
0.044 1.86294
0.045 1.89996
0.046 1.93719
0.047 1.97454
0.048 2.01192
0.049 2.04925
0.05 2.08645
0.051 2.12343
0.052 2.16014
0.053 2.1965
0.054 2.23245
0.055 2.26794
0.056 2.30292
0.057 2.33734
0.058 2.37116
0.059 2.40435
0.06 2.43688
0.061 2.46871
0.062 2.49983
0.063 2.53022
0.064 2.55987
0.065 2.58876
0.066 2.61689
0.067 2.64425
0.068 2.67084
0.069 2.69666
0.07 2.72171
0.071 2.746
0.072 2.76954
0.073 2.79233
0.074 2.81439
0.075 2.83572
0.076 2.85634
0.077 2.87625
0.078 2.89549
0.079 2.91405
0.08 2.93196
0.081 2.94923
0.082 2.96588
0.083 2.98192
0.084 2.99737
0.085 3.01224
0.086 3.02656
0.087 3.04034
0.088 3.05359
0.089 3.06633
0.09 3.07858
0.091 3.09036
0.092 3.10167
0.093 3.11254
0.094 3.12297
0.095 3.13299
0.096 3.1426
0.097 3.15183
0.098 3.16068
0.099 3.16917
0.1 3.17731
0.101 3.18511
0.102 3.19259
0.103 3.19975
0.104 3.20662
0.105 3.21319
0.106 3.21948
0.107 3.2255
0.108 3.23126
0.109 3.23678
0.11 3.24205
0.111 3.24709
0.112 3.2519
0.113 3.2565
0.114 3.2609
0.115 3.26509
0.116 3.26909
0.117 3.27291
0.118 3.27655
0.119 3.28002
0.12 3.28333
0.121 3.28647
0.122 3.28947
0.123 3.29234
0.124 3.29542
0.125 3.29857
0.126 3.30171
0.127 3.30482
0.128 3.30786
0.129 3.31085
0.13 3.31376
0.131 3.31658
0.132 3.31933
0.133 3.32199
0.134 3.32456
0.135 3.32705
0.136 3.32944
0.137 3.33175
0.138 3.33397
0.139 3.3361
0.14 3.33815
0.141 3.34011
0.142 3.34199
0.143 3.34378
0.144 3.34549
0.145 3.34713
0.146 3.34868
0.147 3.35016
0.148 3.35156
0.149 3.35289
0.15 3.35415
0.151 3.35534
0.152 3.35646
0.153 3.35751
0.154 3.3585
0.155 3.35943
0.156 3.36029
0.157 3.3611
0.158 3.36185
0.159 3.36254
0.16 3.36317
0.161 3.36375
0.162 3.36428
0.163 3.36476
0.164 3.36519
0.165 3.36557
0.166 3.36591
0.167 3.3662
0.168 3.36644
0.169 3.36665
0.17 3.36681
0.171 3.36693
0.172 3.36702
0.173 3.36707
0.174 3.36708
0.175 3.36705
0.176 3.36699
0.177 3.3669
0.178 3.36677
0.179 3.36662
0.18 3.36643
0.181 3.36621
0.182 3.36597
0.183 3.3657
0.184 3.3654
0.185 3.36508
0.186 3.36473
0.187 3.36435
0.188 3.36396
0.189 3.36354
0.19 3.3631
0.191 3.36263
0.192 3.36215
0.193 3.36165
0.194 3.36113
0.195 3.36059
0.196 3.36003
0.197 3.35945
0.198 3.35886
0.199 3.35825
0.2 3.35762
0.201 3.35698
0.202 3.35633
0.203 3.35566
0.204 3.35498
0.205 3.35428
0.206 3.35357
0.207 3.35285
0.208 3.35212
0.209 3.35138
0.21 3.35062
0.211 3.34986
0.212 3.34908
0.213 3.34829
0.214 3.3475
0.215 3.34669
0.216 3.34588
0.217 3.34506
0.218 3.34423
0.219 3.34339
0.22 3.34254
0.221 3.34169
0.222 3.34083
0.223 3.33996
0.224 3.33909
0.225 3.33821
0.226 3.33732
0.227 3.33643
0.228 3.33553
0.229 3.33463
0.23 3.33372
0.231 3.3328
0.232 3.33188
0.233 3.33096
0.234 3.33003
0.235 3.3291
0.236 3.32817
0.237 3.32723
0.238 3.32629
0.239 3.32534
0.24 3.32439
0.241 3.32344
0.242 3.32248
0.243 3.32152
0.244 3.32056
0.245 3.3196
0.246 3.31863
0.247 3.31766
0.248 3.31669
0.249 3.31572
0.25 3.31475
0.251 3.31377
0.252 3.31279
0.253 3.31181
0.254 3.31083
0.255 3.30985
0.256 3.30886
0.257 3.30787
0.258 3.30689
0.259 3.3059
0.26 3.30491
0.261 3.30392
0.262 3.30293
0.263 3.30194
0.264 3.30095
0.265 3.29995
0.266 3.29896
0.267 3.29797
0.268 3.29697
0.269 3.29598
0.27 3.29498
0.271 3.29399
0.272 3.293
0.273 3.292
0.274 3.29101
0.275 3.29001
0.276 3.28901
0.277 3.28802
0.278 3.28703
0.279 3.28603
0.28 3.28504
0.281 3.28404
0.282 3.28305
0.283 3.28206
0.284 3.28106
0.285 3.28007
0.286 3.27908
0.287 3.27809
0.288 3.2771
0.289 3.27611
0.29 3.27512
0.291 3.27413
0.292 3.27314
0.293 3.27215
0.294 3.27117
0.295 3.27018
0.296 3.26919
0.297 3.26821
0.298 3.26723
0.299 3.26624
0.3 3.26526
0.301 3.26428
0.302 3.2633
0.303 3.26232
0.304 3.26134
0.305 3.26037
0.306 3.25939
0.307 3.25842
0.308 3.25744
0.309 3.25647
0.31 3.2555
0.311 3.25453
0.312 3.25356
0.313 3.25259
0.314 3.25162
0.315 3.25066
0.316 3.24969
0.317 3.24873
0.318 3.24777
0.319 3.24681
0.32 3.24585
0.321 3.24489
0.322 3.24393
0.323 3.24297
0.324 3.24202
0.325 3.24106
0.326 3.24011
0.327 3.23916
0.328 3.23821
0.329 3.23726
0.33 3.23631
0.331 3.23537
0.332 3.23442
0.333 3.23348
0.334 3.23254
0.335 3.2316
0.336 3.23066
0.337 3.22972
0.338 3.22878
0.339 3.22785
0.34 3.22692
0.341 3.22598
0.342 3.22505
0.343 3.22412
0.344 3.22319
0.345 3.22227
0.346 3.22134
0.347 3.22042
0.348 3.2195
0.349 3.21857
0.35 3.21765
0.351 3.21674
0.352 3.21582
0.353 3.2149
0.354 3.21399
0.355 3.21308
0.356 3.21217
0.357 3.21126
0.358 3.21035
0.359 3.20944
0.36 3.20853
0.361 3.20763
0.362 3.20673
0.363 3.20583
0.364 3.20493
0.365 3.20403
0.366 3.20313
0.367 3.20224
0.368 3.20134
0.369 3.20045
0.37 3.19956
0.371 3.19867
0.372 3.19778
0.373 3.19689
0.374 3.19601
0.375 3.19513
0.376 3.19424
0.377 3.19336
0.378 3.19248
0.379 3.1916
0.38 3.19073
0.381 3.18985
0.382 3.18898
0.383 3.18811
0.384 3.18724
0.385 3.18637
0.386 3.1855
0.387 3.18463
0.388 3.18377
0.389 3.18291
0.39 3.18204
0.391 3.18118
0.392 3.18032
0.393 3.17947
0.394 3.17861
0.395 3.17776
0.396 3.1769
0.397 3.17605
0.398 3.1752
0.399 3.17435
0.4 3.1735
0.401 3.17266
0.402 3.17181
0.403 3.17097
0.404 3.17013
0.405 3.16929
0.406 3.16845
0.407 3.16761
0.408 3.16678
0.409 3.16594
0.41 3.16511
0.411 3.16428
0.412 3.16345
0.413 3.16262
0.414 3.16179
0.415 3.16097
0.416 3.16014
0.417 3.15932
0.418 3.1585
0.419 3.15768
0.42 3.15686
0.421 3.15605
0.422 3.15523
0.423 3.15442
0.424 3.1536
0.425 3.15279
0.426 3.15198
0.427 3.15117
0.428 3.15037
0.429 3.14956
0.43 3.14876
0.431 3.14796
0.432 3.14715
0.433 3.14636
0.434 3.14556
0.435 3.14476
0.436 3.14397
0.437 3.14317
0.438 3.14238
0.439 3.14159
0.44 3.1408
0.441 3.14001
0.442 3.13922
0.443 3.13844
0.444 3.13765
0.445 3.13687
0.446 3.13609
0.447 3.13531
0.448 3.13453
0.449 3.13376
0.45 3.13298
0.451 3.13221
0.452 3.13144
0.453 3.13066
0.454 3.1299
0.455 3.12913
0.456 3.12836
0.457 3.1276
0.458 3.12683
0.459 3.12607
0.46 3.12531
0.461 3.12455
0.462 3.12379
0.463 3.12303
0.464 3.12228
0.465 3.12152
0.466 3.12077
0.467 3.12002
0.468 3.11927
0.469 3.11852
0.47 3.11778
0.471 3.11703
0.472 3.11629
0.473 3.11554
0.474 3.1148
0.475 3.11406
0.476 3.11332
0.477 3.11259
0.478 3.11185
0.479 3.11112
0.48 3.11038
0.481 3.10965
0.482 3.10892
0.483 3.10819
0.484 3.10747
0.485 3.10674
0.486 3.10602
0.487 3.10529
0.488 3.10457
0.489 3.10385
0.49 3.10313
0.491 3.10242
0.492 3.1017
0.493 3.10099
0.494 3.10027
0.495 3.09956
0.496 3.09885
0.497 3.09814
0.498 3.09743
0.499 3.09673
0.5 3.09602
0.501 3.09532
0.502 3.09462
0.503 3.09392
0.504 3.09322
0.505 3.09252
0.506 3.09182
0.507 3.09113
0.508 3.09043
0.509 3.08974
0.51 3.08905
0.511 3.08836
0.512 3.08767
0.513 3.08698
0.514 3.0863
0.515 3.08561
0.516 3.08493
0.517 3.08425
0.518 3.08357
0.519 3.08289
0.52 3.08221
0.521 3.08154
0.522 3.08086
0.523 3.08019
0.524 3.07952
0.525 3.07885
0.526 3.07818
0.527 3.07751
0.528 3.07684
0.529 3.07618
0.53 3.07551
0.531 3.07485
0.532 3.07419
0.533 3.07353
0.534 3.07287
0.535 3.07222
0.536 3.07156
0.537 3.07091
0.538 3.07025
0.539 3.0696
0.54 3.06895
0.541 3.0683
0.542 3.06766
0.543 3.06701
0.544 3.06636
0.545 3.06572
0.546 3.06508
0.547 3.06444
0.548 3.0638
0.549 3.06316
0.55 3.06252
0.551 3.06189
0.552 3.06125
0.553 3.06062
0.554 3.05999
0.555 3.05936
0.556 3.05873
0.557 3.0581
0.558 3.05748
0.559 3.05685
0.56 3.05623
0.561 3.05561
0.562 3.05498
0.563 3.05437
0.564 3.05375
0.565 3.05313
0.566 3.05251
0.567 3.0519
0.568 3.05129
0.569 3.05068
0.57 3.05007
0.571 3.04946
0.572 3.04885
0.573 3.04824
0.574 3.04764
0.575 3.04703
0.576 3.04643
0.577 3.04583
0.578 3.04523
0.579 3.04463
0.58 3.04403
0.581 3.04344
0.582 3.04284
0.583 3.04225
0.584 3.04166
0.585 3.04107
0.586 3.04048
0.587 3.03989
0.588 3.0393
0.589 3.03871
0.59 3.03813
0.591 3.03755
0.592 3.03697
0.593 3.03638
0.594 3.03581
0.595 3.03523
0.596 3.03465
0.597 3.03407
0.598 3.0335
0.599 3.03293
0.6 3.03236
0.601 3.03179
0.602 3.03122
0.603 3.03065
0.604 3.03008
0.605 3.02952
0.606 3.02895
0.607 3.02839
0.608 3.02783
0.609 3.02727
0.61 3.02671
0.611 3.02615
0.612 3.02559
0.613 3.02504
0.614 3.02448
0.615 3.02393
0.616 3.02338
0.617 3.02283
0.618 3.02228
0.619 3.02173
0.62 3.02119
0.621 3.02064
0.622 3.0201
0.623 3.01955
0.624 3.01901
0.625 3.01847
0.626 3.01793
0.627 3.01739
0.628 3.01686
0.629 3.01632
0.63 3.01579
0.631 3.01525
0.632 3.01472
0.633 3.01419
0.634 3.01366
0.635 3.01313
0.636 3.0126
0.637 3.01208
0.638 3.01155
0.639 3.01103
0.64 3.01051
0.641 3.00999
0.642 3.00947
0.643 3.00895
0.644 3.00843
0.645 3.00791
0.646 3.0074
0.647 3.00688
0.648 3.00637
0.649 3.00586
0.65 3.00535
0.651 3.00484
0.652 3.00433
0.653 3.00382
0.654 3.00332
0.655 3.00281
0.656 3.00231
0.657 3.00181
0.658 3.00131
0.659 3.00081
0.66 3.00031
0.661 2.99981
0.662 2.99931
0.663 2.99882
0.664 2.99832
0.665 2.99783
0.666 2.99734
0.667 2.99685
0.668 2.99636
0.669 2.99587
0.67 2.99538
0.671 2.9949
0.672 2.99441
0.673 2.99393
0.674 2.99345
0.675 2.99296
0.676 2.99248
0.677 2.992
0.678 2.99153
0.679 2.99105
0.68 2.99057
0.681 2.9901
0.682 2.98962
0.683 2.98915
0.684 2.98868
0.685 2.98821
0.686 2.98774
0.687 2.98727
0.688 2.98681
0.689 2.98634
0.69 2.98588
0.691 2.98541
0.692 2.98495
0.693 2.98449
0.694 2.98403
0.695 2.98357
0.696 2.98311
0.697 2.98265
0.698 2.9822
0.699 2.98174
0.7 2.98129
0.701 2.98083
0.702 2.98038
0.703 2.97993
0.704 2.97948
0.705 2.97903
0.706 2.97859
0.707 2.97814
0.708 2.97769
0.709 2.97725
0.71 2.97681
0.711 2.97636
0.712 2.97592
0.713 2.97548
0.714 2.97504
0.715 2.97461
0.716 2.97417
0.717 2.97373
0.718 2.9733
0.719 2.97286
0.72 2.97243
0.721 2.972
0.722 2.97157
0.723 2.97114
0.724 2.97071
0.725 2.97028
0.726 2.96986
0.727 2.96943
0.728 2.96901
0.729 2.96858
0.73 2.96816
0.731 2.96774
0.732 2.96732
0.733 2.9669
0.734 2.96648
0.735 2.96606
0.736 2.96565
0.737 2.96523
0.738 2.96482
0.739 2.96441
0.74 2.96399
0.741 2.96358
0.742 2.96317
0.743 2.96276
0.744 2.96235
0.745 2.96195
0.746 2.96154
0.747 2.96113
0.748 2.96073
0.749 2.96033
0.75 2.95992
0.751 2.95952
0.752 2.95912
0.753 2.95872
0.754 2.95832
0.755 2.95793
0.756 2.95753
0.757 2.95713
0.758 2.95674
0.759 2.95634
0.76 2.95595
0.761 2.95556
0.762 2.95517
0.763 2.95478
0.764 2.95439
0.765 2.954
0.766 2.95361
0.767 2.95323
0.768 2.95284
0.769 2.95246
0.77 2.95207
0.771 2.95169
0.772 2.95131
0.773 2.95093
0.774 2.95055
0.775 2.95017
0.776 2.94979
0.777 2.94942
0.778 2.94904
0.779 2.94867
0.78 2.94829
0.781 2.94792
0.782 2.94755
0.783 2.94717
0.784 2.9468
0.785 2.94643
0.786 2.94606
0.787 2.9457
0.788 2.94533
0.789 2.94496
0.79 2.9446
0.791 2.94423
0.792 2.94387
0.793 2.94351
0.794 2.94315
0.795 2.94279
0.796 2.94243
0.797 2.94207
0.798 2.94171
0.799 2.94135
0.8 2.94099
0.801 2.94064
0.802 2.94028
0.803 2.93993
0.804 2.93958
0.805 2.93923
0.806 2.93887
0.807 2.93852
0.808 2.93817
0.809 2.93783
0.81 2.93748
0.811 2.93713
0.812 2.93678
0.813 2.93644
0.814 2.93609
0.815 2.93575
0.816 2.93541
0.817 2.93507
0.818 2.93472
0.819 2.93438
0.82 2.93404
0.821 2.93371
0.822 2.93337
0.823 2.93303
0.824 2.93269
0.825 2.93236
0.826 2.93202
0.827 2.93169
0.828 2.93136
0.829 2.93103
0.83 2.93069
0.831 2.93036
0.832 2.93003
0.833 2.92971
0.834 2.92938
0.835 2.92905
0.836 2.92872
0.837 2.9284
0.838 2.92807
0.839 2.92775
0.84 2.92743
0.841 2.9271
0.842 2.92678
0.843 2.92646
0.844 2.92614
0.845 2.92582
0.846 2.9255
0.847 2.92518
0.848 2.92487
0.849 2.92455
0.85 2.92423
0.851 2.92392
0.852 2.92361
0.853 2.92329
0.854 2.92298
0.855 2.92267
0.856 2.92236
0.857 2.92205
0.858 2.92174
0.859 2.92143
0.86 2.92112
0.861 2.92081
0.862 2.92051
0.863 2.9202
0.864 2.91989
0.865 2.91959
0.866 2.91929
0.867 2.91898
0.868 2.91868
0.869 2.91838
0.87 2.91808
0.871 2.91778
0.872 2.91748
0.873 2.91718
0.874 2.91688
0.875 2.91659
0.876 2.91629
0.877 2.91599
0.878 2.9157
0.879 2.9154
0.88 2.91511
0.881 2.91482
0.882 2.91453
0.883 2.91423
0.884 2.91394
0.885 2.91365
0.886 2.91336
0.887 2.91308
0.888 2.91279
0.889 2.9125
0.89 2.91221
0.891 2.91193
0.892 2.91164
0.893 2.91136
0.894 2.91107
0.895 2.91079
0.896 2.91051
0.897 2.91023
0.898 2.90995
0.899 2.90967
0.9 2.90939
0.901 2.90911
0.902 2.90883
0.903 2.90855
0.904 2.90827
0.905 2.908
0.906 2.90772
0.907 2.90745
0.908 2.90717
0.909 2.9069
0.91 2.90662
0.911 2.90635
0.912 2.90608
0.913 2.90581
0.914 2.90554
0.915 2.90527
0.916 2.905
0.917 2.90473
0.918 2.90446
0.919 2.90419
0.92 2.90393
0.921 2.90366
0.922 2.9034
0.923 2.90313
0.924 2.90287
0.925 2.9026
0.926 2.90234
0.927 2.90208
0.928 2.90182
0.929 2.90155
0.93 2.90129
0.931 2.90103
0.932 2.90078
0.933 2.90052
0.934 2.90026
0.935 2.9
0.936 2.89974
0.937 2.89949
0.938 2.89923
0.939 2.89898
0.94 2.89872
0.941 2.89847
0.942 2.89822
0.943 2.89796
0.944 2.89771
0.945 2.89746
0.946 2.89721
0.947 2.89696
0.948 2.89671
0.949 2.89646
0.95 2.89621
0.951 2.89596
0.952 2.89572
0.953 2.89547
0.954 2.89522
0.955 2.89498
0.956 2.89473
0.957 2.89449
0.958 2.89424
0.959 2.894
0.96 2.89376
0.961 2.89351
0.962 2.89327
0.963 2.89303
0.964 2.89279
0.965 2.89255
0.966 2.89231
0.967 2.89207
0.968 2.89183
0.969 2.8916
0.97 2.89136
0.971 2.89112
0.972 2.89089
0.973 2.89065
0.974 2.89042
0.975 2.89018
0.976 2.88995
0.977 2.88971
0.978 2.88948
0.979 2.88925
0.98 2.88902
0.981 2.88879
0.982 2.88856
0.983 2.88833
0.984 2.8881
0.985 2.88787
0.986 2.88764
0.987 2.88741
0.988 2.88718
0.989 2.88696
0.99 2.88673
0.991 2.8865
0.992 2.88628
0.993 2.88605
0.994 2.88583
0.995 2.8856
0.996 2.88538
0.997 2.88516
0.998 2.88494
0.999 2.88471
1 2.88449
1.001 2.88427
1.002 2.88405
1.003 2.88383
1.004 2.88361
1.005 2.88339
